58223.16695 20.16 0.162
58229.17944 20.058 0.153
58468.49028 20.217 0.167
58431.38797 19.853 0.134
58243.16066 19.889 0.137
58258.195 20.122 0.158
58219.18977 20.074 0.154
58428.51266 20.176 0.163
58365.50802 20.266 0.172
58246.21685 20.244 0.17
58280.17985 19.971 0.145
58377.46537 20.121 0.158
58425.44731 20.043 0.151
58443.41179 20.251 0.17
58219.17006 19.843 0.133
58380.47029 19.807 0.13
58437.37061 19.937 0.141
58465.49457 19.934 0.141
58389.51145 20.427 0.185
58447.45275 19.753 0.125
58374.51016 19.981 0.146
58216.21164 19.387 0.097
58223.19073 20.436 0.186
58386.44635 19.957 0.143
