58238.18571 18.667 0.053
58465.53829 19.14 0.073
58216.19114 19.03 0.068
58269.21285 19.213 0.077
58243.20189 19.096 0.071
58380.48973 19.303 0.082
58371.49263 19.547 0.097
58468.43373 19.434 0.09
58450.449 19.339 0.084
58384.45324 19.176 0.075
58383.45377 19.002 0.067
58434.42678 19.291 0.081
58255.18008 19.283 0.081
58422.47352 19.234 0.078
58377.49413 19.461 0.091
58368.5086 19.385 0.087
58431.49498 19.1 0.071
58229.15073 19.426 0.089
58443.51583 19.45 0.091
58437.46446 19.166 0.075
58440.46945 19.722 0.11
58428.32647 19.08 0.07
58277.19677 19.013 0.067
58235.20027 19.513 0.095
58362.50327 19.482 0.093
58457.28867 19.22 0.077
58374.4685 19.341 0.084
58232.15757 19.588 0.1
58425.51657 18.876 0.061
