58246.21718 19.16 0.081
58223.16749 19.118 0.079
58457.26278 18.999 0.072
58219.19033 19.111 0.078
58377.46469 19.127 0.079
58437.37034 19.083 0.077
58280.17981 19.039 0.074
58258.19521 19.142 0.08
58425.44692 19.133 0.079
58229.17993 19.107 0.078
58443.41158 19.06 0.075
58380.46962 19.107 0.078
58243.16102 19.144 0.08
58223.19127 19.133 0.079
58386.44569 18.999 0.072
58450.38391 19.342 0.093
58434.36731 19.045 0.074
58374.50947 19.068 0.076
58431.38763 19.148 0.08
58428.51229 19.103 0.078
58471.28505 18.941 0.069
58468.49036 19.19 0.083
58365.50734 19.117 0.079
58232.19776 19.09 0.077
58216.21222 19.101 0.078
58480.43487 19.106 0.078
58219.17063 19.198 0.083
58422.51754 19.053 0.075
58284.17453 18.866 0.065
58474.2971 19.007 0.072
58447.45259 19.092 0.077
58447.51354 19.256 0.087
58389.5108 19.157 0.081
58465.49462 19.08 0.076
58249.15899 19.144 0.08
