58216.19156 19.008 0.069
58243.20247 19.182 0.077
58269.21347 18.976 0.067
58431.49441 19.084 0.072
58437.46387 19.054 0.071
58249.1788 19.067 0.072
58480.47358 19.203 0.079
58434.4262 19.084 0.072
58425.51601 19.053 0.071
58380.4895 19.017 0.069
58238.18627 19.07 0.072
58255.18069 19.159 0.076
58422.47298 19.002 0.069
58440.46886 19.042 0.07
58389.44607 18.956 0.066
58232.1581 19.044 0.07
58465.53773 19.124 0.074
58368.50848 19.056 0.071
58371.49248 19.065 0.071
58450.4484 19.005 0.069
58443.51524 19.006 0.069
58277.19736 19.006 0.069
58362.50322 18.977 0.067
58235.16084 19.048 0.071
58205.25505 19.113 0.074
58377.49392 19.043 0.07
58457.28808 19.094 0.073
58428.32591 19.02 0.069
58468.43317 19.087 0.073
58374.46832 18.995 0.068
58383.45351 18.919 0.065
58229.15124 19.132 0.075
58235.20081 19.05 0.071
