58246.21673 19.829 0.122
58374.51008 20.0 0.137
58465.49475 19.685 0.11
58243.16055 19.648 0.107
58468.49046 19.818 0.121
58437.37074 19.831 0.122
58380.47023 19.54 0.099
58428.51276 19.838 0.122
58425.44741 19.852 0.124
58280.17966 19.619 0.105
58229.17938 19.839 0.123
58223.1907 19.937 0.131
58474.29714 19.284 0.082
58457.263 19.409 0.09
58219.18974 19.825 0.121
58443.41193 19.911 0.129
58377.4653 19.845 0.123
58434.36773 19.423 0.091
58258.19485 20.051 0.141
58389.51142 19.942 0.132
58219.17004 19.545 0.099
58450.3842 19.774 0.117
58365.50792 19.852 0.124
58480.43484 19.674 0.109
58223.16691 20.018 0.138
