58219.17018 20.296 0.163
58465.49465 20.482 0.175
58425.44725 20.593 0.183
58468.49036 20.512 0.177
58374.50997 20.28 0.162
58443.41179 20.6 0.184
58280.17977 20.095 0.148
58428.51261 20.351 0.167
58258.19499 20.148 0.152
58243.16071 20.412 0.171
58447.51372 20.164 0.153
58389.51129 20.399 0.17
58386.44618 20.055 0.145
58249.15871 19.521 0.103
58380.47011 20.493 0.176
58223.16706 20.581 0.182
58223.19085 20.618 0.185
58437.37059 20.387 0.17
58246.21689 20.387 0.17
58365.50783 20.238 0.159
58377.46518 20.36 0.168
