58249.1783 20.48 0.167
58422.47345 20.356 0.157
58465.53816 20.111 0.137
58450.44888 20.432 0.163
58362.50335 20.327 0.155
58229.15078 20.194 0.144
58428.32639 20.457 0.165
58216.19116 20.411 0.162
58235.20034 20.461 0.166
58368.50866 20.373 0.159
58425.51649 20.298 0.152
58440.46935 20.254 0.149
58468.43359 20.307 0.153
58277.1969 20.371 0.158
58457.28854 20.467 0.166
58431.49489 20.248 0.148
58380.48976 20.233 0.147
58374.46854 20.202 0.145
58205.25471 20.227 0.147
58384.45326 19.8 0.114
58434.42668 20.772 0.189
58377.49417 20.101 0.137
58371.49268 20.37 0.158
58437.46436 20.407 0.161
58443.51572 20.238 0.148
