58235.16065 19.479 0.085
58437.46408 19.525 0.087
58443.51546 19.512 0.087
58371.49249 19.636 0.094
58434.42641 19.476 0.084
58383.45357 19.608 0.092
58368.50848 19.476 0.084
58249.17859 19.566 0.09
58440.46908 19.699 0.098
58216.19144 19.462 0.084
58389.44615 19.465 0.084
58232.15792 19.963 0.117
58480.4738 19.386 0.079
58380.48954 19.6 0.092
58431.49461 19.507 0.086
58235.20063 19.492 0.085
58425.51621 19.563 0.09
58229.15107 19.691 0.098
58277.19713 19.442 0.083
58205.25496 19.499 0.086
58422.47317 19.486 0.085
58269.21323 19.528 0.087
58468.4334 19.601 0.092
58362.50319 19.504 0.086
58457.28831 19.549 0.089
58243.20227 19.544 0.088
58255.18047 19.68 0.097
58428.32611 19.572 0.09
58374.46834 19.581 0.091
58377.49396 19.558 0.089
58465.53795 19.601 0.092
58450.44863 19.603 0.092
