58258.19516 20.377 0.164
58380.46995 20.142 0.144
58229.17973 20.252 0.153
58443.41162 20.166 0.146
58465.49453 20.254 0.153
58425.44706 20.246 0.153
58219.19009 20.29 0.157
58223.16726 20.41 0.167
58365.50769 20.036 0.134
58447.45261 20.204 0.149
58428.51242 20.284 0.156
58223.19104 20.325 0.16
58280.17989 20.371 0.164
58243.1609 20.261 0.154
58450.38391 20.061 0.136
58480.4347 20.285 0.156
58468.49026 20.244 0.153
58457.26274 19.913 0.124
58246.21707 20.254 0.154
58377.46502 20.355 0.162
58389.51111 20.27 0.155
58374.50981 20.331 0.16
