58374.50981 16.676 0.014
58359.50878 16.835 0.015
58443.41163 16.691 0.014
58425.44707 16.684 0.014
58219.17038 16.685 0.014
58258.19516 16.66 0.014
58474.29697 16.704 0.015
58447.51357 16.682 0.014
58246.21707 16.68 0.014
58480.4347 16.663 0.014
58431.38775 16.692 0.014
58365.50769 16.681 0.014
58377.46502 16.674 0.014
58462.53088 16.47 0.013
58447.45261 16.673 0.014
58389.51111 16.679 0.014
58386.44601 16.674 0.014
58284.17463 16.653 0.014
58380.46995 16.68 0.014
58216.21196 16.69 0.014
58249.15889 16.7 0.015
58280.17989 16.67 0.014
58223.19104 16.685 0.014
58450.38392 16.672 0.014
58457.26275 16.687 0.014
58471.28493 16.759 0.015
58232.19757 16.788 0.015
58223.16726 16.678 0.014
58229.17973 16.659 0.014
58428.51243 16.697 0.015
58437.37042 16.688 0.014
58465.49454 16.681 0.014
58243.16089 16.669 0.014
58434.36741 16.67 0.014
58468.49026 16.691 0.014
58219.19009 16.644 0.014
