58365.5076 19.485 0.104
58219.17021 19.659 0.118
58474.29734 19.612 0.114
58443.41197 19.728 0.123
58374.50979 19.757 0.126
58280.1795 19.781 0.128
58422.51797 19.664 0.118
58243.1606 19.558 0.109
58480.43507 19.51 0.106
58434.36771 19.469 0.103
58468.49064 19.833 0.132
58425.44734 19.706 0.121
58450.38427 19.679 0.119
58216.21181 19.704 0.121
58457.26311 19.471 0.103
58229.1795 19.603 0.113
58389.51118 19.67 0.118
58428.51271 19.737 0.124
58465.49491 19.536 0.108
58219.18992 19.629 0.115
58380.46996 19.71 0.122
58437.37074 19.674 0.119
58447.51391 19.615 0.114
58377.46501 19.934 0.141
58431.38804 19.544 0.108
58447.45296 19.664 0.118
58223.16707 19.745 0.125
58246.21676 19.866 0.135
