58474.29686 19.958 0.133
58425.44713 19.955 0.133
58377.46521 20.208 0.156
58246.21703 19.943 0.132
58480.43458 19.974 0.135
58374.51 20.226 0.158
58284.17472 19.579 0.102
58223.19093 20.026 0.139
58447.51355 19.759 0.116
58434.36743 20.02 0.139
58223.16715 20.015 0.138
58389.51127 20.26 0.161
58465.49446 19.911 0.129
58443.41162 19.956 0.133
58380.47013 20.122 0.148
58249.15886 19.686 0.11
58219.17025 19.932 0.131
58280.17997 19.998 0.137
58450.38389 20.006 0.138
58365.50789 20.069 0.143
58468.49017 19.737 0.114
58428.51247 19.747 0.115
58243.16084 19.947 0.132
58437.37044 20.042 0.141
58471.28483 19.94 0.132
58258.19516 20.153 0.151
