58450.38392 19.232 0.079
58425.44693 19.354 0.086
58223.19126 19.307 0.083
58431.38764 19.186 0.076
58474.29711 19.301 0.083
58284.17451 19.353 0.086
58447.4526 19.519 0.097
58380.46962 19.232 0.079
58480.43488 19.464 0.094
58258.19519 19.286 0.082
58229.17992 19.573 0.101
58428.5123 19.354 0.086
58447.51355 19.23 0.078
58219.19033 19.366 0.087
58434.36732 19.424 0.091
58465.49463 19.365 0.087
58243.16101 19.467 0.094
58457.26279 19.486 0.095
58422.51755 19.333 0.085
58280.17979 19.238 0.079
58374.50948 19.231 0.079
58389.51081 19.28 0.082
58365.50734 19.286 0.082
58468.49038 19.372 0.087
58386.4457 19.214 0.078
58249.15898 19.256 0.08
58246.21717 19.386 0.088
58223.16748 19.314 0.084
58219.17062 19.477 0.094
58437.37035 19.381 0.088
58443.41159 19.318 0.084
58216.21221 19.314 0.084
58377.46469 19.394 0.089
