58229.17972 13.167 0.012
58223.19102 13.174 0.012
58480.43461 13.159 0.012
58232.19756 13.074 0.012
58465.49446 13.163 0.012
58434.36738 13.167 0.012
58258.1952 13.146 0.012
58471.28485 13.097 0.012
58474.29688 13.147 0.012
58450.38386 13.143 0.012
58437.37039 13.14 0.012
58359.50887 13.18 0.012
58447.45257 13.168 0.012
58243.16091 13.172 0.012
58443.41159 13.148 0.012
58462.53081 13.171 0.012
58219.19006 13.163 0.012
58223.16724 13.143 0.012
58216.21192 13.131 0.012
58219.17035 13.164 0.012
58280.17996 13.154 0.012
58468.49018 13.142 0.012
58374.50989 13.154 0.012
58457.26268 13.146 0.012
58249.15892 13.201 0.012
58431.38773 13.157 0.012
58447.51352 13.149 0.012
58425.44706 13.128 0.012
58284.17471 13.181 0.012
58246.21709 13.154 0.012
58428.51241 13.146 0.012
