58447.51351 18.923 0.061
58280.17998 18.954 0.063
58249.15892 19.059 0.068
58377.46512 18.884 0.06
58223.16722 19.025 0.066
58216.21191 18.934 0.062
58284.17473 19.098 0.07
58219.19004 19.018 0.066
58380.47004 18.959 0.063
58480.43459 18.958 0.063
58243.1609 18.905 0.061
58474.29686 18.833 0.058
58437.37039 18.95 0.063
58223.19101 18.961 0.063
58443.41158 18.951 0.063
58428.51241 18.983 0.064
58246.21709 18.912 0.061
58422.51771 18.99 0.065
58365.5078 18.951 0.063
58457.26267 18.759 0.054
58468.49017 18.943 0.062
58219.17033 18.899 0.06
58386.44609 18.852 0.058
58471.28483 18.813 0.057
58434.36738 18.857 0.059
58374.50992 18.973 0.064
58425.44706 18.923 0.062
58447.45256 18.869 0.059
58450.38386 18.992 0.065
58229.17971 18.876 0.059
58431.38773 18.772 0.055
58465.49445 18.879 0.06
58389.51119 18.963 0.063
58258.19521 18.927 0.062
