58284.17477 18.179 0.04
58465.49439 18.128 0.039
58434.36709 18.245 0.042
58422.51736 18.191 0.04
58365.50736 18.137 0.039
58258.19544 18.142 0.039
58468.49013 18.132 0.039
58374.50946 18.141 0.039
58450.38368 18.183 0.04
58443.41136 18.122 0.039
58447.51331 18.116 0.038
58229.1801 18.194 0.041
58280.18005 18.083 0.038
58447.45236 18.11 0.038
58219.17076 18.119 0.039
58223.16764 18.136 0.039
58480.43465 18.117 0.038
58223.19142 18.159 0.04
58437.37012 18.129 0.039
58249.15921 18.115 0.038
58428.51209 18.126 0.039
58246.21739 18.121 0.039
58474.29687 18.168 0.04
58471.28481 18.14 0.039
58243.16123 18.145 0.039
58386.44563 18.158 0.04
58216.21234 18.128 0.039
58389.51073 18.136 0.039
58380.46958 18.098 0.038
58425.44672 18.118 0.038
58431.38742 18.255 0.042
58457.26255 18.161 0.04
58377.46466 18.105 0.038
58219.19047 18.177 0.04
58232.19794 18.222 0.041
