58368.50898 20.015 0.132
58255.18027 20.095 0.14
58440.46928 20.027 0.133
58371.49299 19.972 0.128
58437.4643 19.992 0.13
58431.49488 20.057 0.136
58269.21314 19.963 0.127
58374.46884 19.996 0.13
58383.45406 20.129 0.143
58443.51563 19.987 0.13
58434.42665 19.922 0.124
58380.49004 20.019 0.133
58362.50369 19.781 0.112
58377.49446 20.065 0.137
58235.16032 19.751 0.11
58480.47366 19.872 0.12
58468.43335 19.986 0.13
58465.53794 19.897 0.122
58425.51651 20.317 0.162
58389.44663 20.109 0.141
58243.20198 19.834 0.116
58216.191 19.986 0.129
58428.32639 19.909 0.123
58450.44875 20.022 0.133
58249.17834 19.938 0.125
58457.28837 19.978 0.129
58235.20029 19.995 0.13
