58243.16126 17.1 0.022
58437.3701 17.118 0.022
58374.5094 17.107 0.022
58447.5133 17.095 0.022
58447.45235 17.087 0.022
58246.21742 17.103 0.022
58380.46952 17.122 0.022
58280.18005 17.104 0.022
58229.18014 17.12 0.022
58249.15923 17.101 0.022
58258.19546 17.061 0.021
58232.19797 17.051 0.021
58422.51732 17.092 0.022
58365.5073 17.083 0.022
58434.36707 17.123 0.022
58219.17081 17.148 0.022
58474.29688 17.135 0.022
58223.16768 17.127 0.022
58389.51067 17.084 0.022
58219.19052 17.115 0.022
58465.49439 17.122 0.022
58471.28482 17.107 0.022
58450.38367 17.103 0.022
58443.41134 17.115 0.022
58386.44558 17.097 0.022
58216.21239 17.14 0.022
58468.49014 17.123 0.022
58223.19147 17.133 0.022
58284.17476 17.088 0.022
58480.43467 17.099 0.022
58431.38739 17.098 0.022
58428.51206 17.12 0.022
58425.44669 17.105 0.022
58377.4646 17.098 0.022
58457.26254 17.012 0.021
