58389.51101 20.087 0.139
58223.19117 20.508 0.179
58377.46494 20.241 0.154
58246.2172 20.41 0.17
58365.50763 20.338 0.163
58443.4115 20.091 0.14
58474.29686 20.285 0.158
58229.17986 20.221 0.152
58425.44693 20.226 0.152
58422.51758 20.11 0.141
58284.17474 20.176 0.148
58258.1953 20.433 0.172
58447.51343 20.2 0.15
58465.49442 20.193 0.149
58243.16103 20.002 0.131
58223.16738 20.336 0.163
58219.19021 19.899 0.122
58468.49015 20.255 0.155
58428.51229 20.276 0.157
58450.38379 20.017 0.133
58280.18001 20.255 0.155
58374.50974 20.307 0.16
58447.45248 19.93 0.125
58380.46986 20.523 0.181
