58389.51134 18.77 0.056
58434.36753 18.803 0.058
58246.21694 18.738 0.055
58468.49025 18.728 0.054
58380.47018 18.709 0.054
58243.16075 18.837 0.059
58428.51257 18.725 0.054
58431.38788 18.716 0.054
58280.17988 18.793 0.057
58386.44624 18.715 0.054
58447.45269 18.717 0.054
58447.51364 18.798 0.057
58425.44722 18.774 0.056
58223.16706 18.76 0.056
58223.19084 18.873 0.061
58465.49454 18.696 0.053
58284.17464 18.744 0.055
58450.38398 18.702 0.053
58457.26278 18.774 0.056
58471.2849 18.588 0.049
58365.50792 18.808 0.058
58219.17017 18.9 0.062
58374.51005 18.71 0.054
58377.46526 18.727 0.054
58216.21175 18.795 0.057
58219.18988 18.725 0.054
58229.17955 18.774 0.056
58480.43464 18.719 0.054
58232.1974 18.978 0.066
58249.15877 19.024 0.068
58437.37053 18.694 0.053
58443.41172 18.706 0.054
58474.29693 18.689 0.053
58258.19507 18.783 0.057
