58443.41147 18.957 0.068
58425.4468 18.953 0.068
58229.18005 19.136 0.078
58216.21233 18.956 0.068
58380.46953 18.865 0.064
58280.1799 18.986 0.07
58437.37022 19.013 0.071
58447.51343 19.022 0.071
58223.19139 18.892 0.065
58243.16114 19.061 0.074
58471.28497 19.012 0.071
58468.49028 18.978 0.069
58374.5094 18.937 0.067
58377.46461 18.95 0.068
58480.4348 18.906 0.066
58219.17074 18.966 0.069
58284.17462 18.945 0.068
58474.29702 18.758 0.059
58434.36719 18.938 0.067
58389.51071 19.035 0.072
58447.45248 18.929 0.067
58249.15911 18.787 0.06
58450.38381 18.959 0.068
58223.1676 19.024 0.072
58431.38751 18.881 0.064
58465.49453 18.961 0.068
58428.51217 18.986 0.07
58246.2173 18.846 0.063
58219.19045 18.914 0.066
58258.19532 18.889 0.065
58422.51743 18.948 0.068
58365.50728 19.016 0.071
58457.26268 18.994 0.07
58386.4456 18.962 0.068
