58232.19753 18.425 0.04
58246.21705 18.286 0.037
58219.17031 18.364 0.039
58380.47004 18.294 0.037
58447.4526 18.379 0.039
58280.17994 18.363 0.039
58216.21189 18.344 0.038
58471.28487 18.353 0.038
58365.5078 18.333 0.038
58389.5112 18.36 0.039
58465.49449 18.367 0.039
58443.41162 18.305 0.037
58258.19517 18.356 0.038
58377.46512 18.335 0.038
58480.43463 18.398 0.04
58219.19002 18.372 0.039
58223.1672 18.354 0.038
58434.36742 18.43 0.041
58437.37043 18.356 0.038
58249.15888 18.396 0.04
58431.38776 18.285 0.037
58447.51355 18.319 0.038
58468.49021 18.322 0.038
58425.4471 18.331 0.038
58386.4461 18.328 0.038
58284.17468 18.366 0.039
58450.3839 18.36 0.039
58474.2969 18.405 0.04
58374.50992 18.341 0.038
58223.19098 18.304 0.037
58457.26271 18.337 0.038
58229.17968 18.403 0.04
58243.16087 18.399 0.04
58428.51245 18.354 0.038
