58229.15077 18.837 0.059
58368.50871 18.728 0.055
58362.5034 18.707 0.054
58450.44886 18.69 0.054
58389.44643 18.655 0.053
58232.15762 18.789 0.057
58384.4533 18.651 0.052
58235.20033 18.719 0.055
58377.49421 18.743 0.056
58422.47346 18.748 0.056
58243.20198 18.647 0.052
58255.18021 18.725 0.055
58277.19694 18.82 0.058
58249.17831 18.765 0.056
58480.4739 18.694 0.054
58425.51649 18.76 0.056
58205.25468 18.813 0.058
58269.21301 18.699 0.054
58374.46859 18.762 0.056
58428.32639 18.767 0.056
58468.43355 18.734 0.055
58443.51571 18.789 0.057
58440.46934 18.768 0.056
58457.28852 18.756 0.056
58383.45384 18.766 0.056
58216.19114 18.786 0.057
58427.39071 18.512 0.048
58380.48981 18.812 0.058
58465.53812 18.742 0.056
58431.49489 18.825 0.059
58437.46435 18.763 0.056
58434.42668 18.696 0.054
58235.16036 18.7 0.054
58371.49273 18.767 0.056
