58380.4702 16.562 0.016
58219.17012 16.543 0.015
58457.26288 16.528 0.015
58280.17978 16.543 0.015
58443.41181 16.547 0.015
58428.51265 16.558 0.016
58480.43474 16.545 0.015
58229.17948 16.576 0.016
58219.18983 16.55 0.015
58377.46527 16.576 0.016
58431.38796 16.537 0.015
58232.19732 16.531 0.015
58246.21685 16.575 0.016
58284.17454 16.565 0.016
58223.19078 16.557 0.016
58437.37062 16.538 0.015
58425.4473 16.559 0.016
58434.36762 16.553 0.015
58249.15868 16.57 0.016
58447.45278 16.545 0.015
58243.16066 16.567 0.016
58447.51373 16.575 0.016
58468.49035 16.544 0.015
58386.44626 16.566 0.016
58359.50898 16.335 0.015
58462.53099 16.291 0.014
58389.51137 16.553 0.015
58374.51005 16.56 0.016
58450.38408 16.56 0.016
58365.50791 16.543 0.015
58471.285 16.526 0.015
58465.49464 16.562 0.016
58258.19497 16.533 0.015
58223.167 16.577 0.016
58216.2117 16.573 0.016
58474.29703 16.564 0.016
