58223.1672 19.278 0.083
58246.21693 19.229 0.08
58377.46497 19.258 0.081
58437.37057 19.086 0.072
58480.43491 19.204 0.078
58443.41179 19.202 0.078
58431.38788 19.345 0.087
58219.19004 19.214 0.079
58465.49474 19.195 0.078
58232.19748 18.893 0.062
58457.26294 19.318 0.085
58425.44718 19.247 0.081
58219.17033 19.201 0.078
58374.50975 19.161 0.076
58243.16076 19.186 0.077
58450.38409 19.253 0.081
58428.51255 19.178 0.077
58447.51374 19.218 0.079
58280.17968 19.357 0.088
58216.21192 19.201 0.078
58447.45278 19.218 0.079
58434.36755 19.05 0.07
58365.50759 19.245 0.081
58223.19098 19.242 0.08
58474.29717 19.316 0.085
58468.49046 19.185 0.077
58229.17965 19.116 0.073
