58371.49279 19.98 0.138
58480.47385 19.676 0.115
58437.46435 19.897 0.132
58380.48987 19.944 0.135
58269.21302 19.744 0.12
58255.1802 19.881 0.13
58457.2885 20.003 0.14
58450.44885 19.787 0.123
58431.4949 19.736 0.119
58205.25462 20.07 0.145
58377.49428 20.179 0.154
58368.50878 20.061 0.145
58383.4539 19.995 0.139
58434.42669 19.662 0.114
58468.43352 20.04 0.143
58428.3264 19.968 0.137
58389.44648 19.641 0.112
58249.1783 19.954 0.136
58440.46934 20.046 0.143
58465.53809 20.05 0.144
58425.51651 19.836 0.127
58216.1911 19.732 0.119
58243.20196 19.992 0.139
58235.20031 19.914 0.133
58443.5157 19.934 0.134
58362.50347 20.095 0.147
