58389.44611 19.657 0.102
58434.42646 19.728 0.106
58437.46415 19.777 0.11
58277.19702 19.831 0.114
58480.47392 19.645 0.101
58243.20222 19.806 0.112
58465.53806 19.781 0.11
58235.16063 19.394 0.085
58216.19145 19.64 0.1
58255.1804 19.593 0.097
58362.5031 19.974 0.125
58205.255 19.837 0.114
58232.1579 19.444 0.088
58468.43351 19.789 0.111
58450.44872 19.766 0.109
58457.28841 19.709 0.105
58229.15105 19.723 0.106
58374.46827 19.723 0.106
58431.49466 19.807 0.112
58383.45352 19.869 0.117
58377.49389 19.622 0.099
58425.51625 19.707 0.105
58428.32615 19.646 0.101
58443.51553 19.834 0.114
58249.17853 19.621 0.099
58380.48948 19.718 0.106
58440.46915 19.815 0.113
58371.49241 19.917 0.12
58368.5084 19.694 0.104
58422.4732 19.818 0.113
