58447.45274 19.377 0.096
58380.47027 19.167 0.082
58258.19501 19.428 0.1
58480.43464 19.354 0.094
58280.17986 19.243 0.087
58386.44633 19.449 0.101
58232.19731 19.067 0.076
58447.51369 19.294 0.09
58443.41177 19.583 0.111
58474.29694 19.32 0.092
58434.36759 19.213 0.085
58468.49027 19.451 0.101
58219.17008 19.307 0.091
58425.44729 19.56 0.11
58223.16698 19.451 0.101
58457.26282 19.154 0.081
58450.38402 19.371 0.096
58374.51014 19.286 0.09
58216.21166 19.231 0.086
58249.1587 19.005 0.073
58431.38795 19.853 0.134
58365.508 19.481 0.104
58465.49456 19.424 0.099
58219.18979 19.32 0.092
58437.37059 19.385 0.097
58377.46535 19.43 0.1
58229.17946 19.306 0.091
58246.21687 19.529 0.107
58389.51143 19.459 0.102
58223.19076 19.49 0.104
58243.16068 19.372 0.096
