58480.43479 20.433 0.182
58389.51075 20.424 0.181
58219.19041 20.188 0.16
58428.5122 20.398 0.179
58280.1799 20.226 0.164
58243.16111 20.451 0.184
58219.1707 20.293 0.17
58223.16756 20.289 0.169
58365.50732 20.458 0.184
58468.49028 20.377 0.177
58443.41149 20.181 0.159
58422.51746 20.538 0.191
58377.46465 20.431 0.182
58425.44683 20.195 0.161
58374.50945 20.374 0.177
58229.18001 20.362 0.176
58474.29702 20.078 0.15
58437.37024 20.05 0.147
58258.1953 20.691 0.204
58380.46958 20.409 0.18
58450.38382 20.095 0.151
58284.17462 20.063 0.148
