58422.51787 18.743 0.054
58474.29715 18.674 0.051
58380.47 18.688 0.051
58450.38411 18.694 0.052
58389.51119 18.888 0.06
58431.38792 18.683 0.051
58280.17969 18.768 0.055
58249.1587 18.617 0.049
58246.21688 18.706 0.052
58223.16712 18.861 0.059
58434.36759 18.642 0.05
58219.18996 18.685 0.051
58468.49045 18.751 0.054
58447.51376 18.764 0.054
58480.43488 18.64 0.05
58443.41182 18.873 0.059
58223.1909 18.732 0.053
58229.17957 18.748 0.054
58284.17444 18.662 0.05
58465.49473 18.687 0.051
58219.17025 18.729 0.053
58243.16071 18.773 0.055
58258.19496 18.666 0.051
58425.44724 18.742 0.054
58447.45281 18.663 0.051
58437.37061 18.607 0.048
58216.21184 18.436 0.043
58377.46507 18.723 0.053
58374.50985 18.652 0.05
58386.44608 18.724 0.053
58428.5126 18.711 0.052
58365.50769 18.734 0.053
58457.26294 18.509 0.045
