58383.45385 19.726 0.099
58371.49279 19.74 0.1
58468.43326 19.72 0.099
58216.19123 19.586 0.09
58440.4691 19.568 0.089
58235.20051 19.989 0.12
58205.25471 19.834 0.107
58450.44859 19.728 0.099
58232.15778 19.596 0.091
58389.44641 19.793 0.104
58235.16053 19.632 0.093
58434.42646 19.774 0.103
58243.20219 19.793 0.104
58362.50351 19.548 0.087
58437.46412 19.663 0.095
58374.46864 19.845 0.108
58377.49425 19.705 0.098
58425.51631 19.696 0.097
58380.48983 19.804 0.105
58465.53784 19.638 0.093
58431.49468 19.587 0.09
58269.21329 19.707 0.098
58368.50879 19.868 0.11
58277.19723 19.83 0.107
58422.47328 19.676 0.096
58249.17854 19.743 0.101
58255.18045 19.779 0.103
58428.32619 19.629 0.093
58457.28824 19.675 0.096
