58389.5111 18.493 0.046
58377.46505 18.502 0.046
58480.43453 18.477 0.045
58443.41148 18.422 0.043
58280.18006 18.468 0.045
58431.38762 18.504 0.046
58232.19766 18.306 0.04
58249.15902 18.535 0.047
58428.51231 18.406 0.043
58450.38376 18.54 0.047
58457.26258 18.624 0.05
58374.50985 18.467 0.045
58447.51341 18.487 0.045
58243.16101 18.522 0.047
58468.49009 18.512 0.046
58437.37029 18.444 0.044
58223.19111 18.55 0.048
58386.44601 18.389 0.042
58465.49437 18.399 0.043
58471.28476 18.615 0.05
58380.46996 18.506 0.046
58425.44696 18.495 0.046
58474.29679 18.497 0.046
58219.19014 18.453 0.044
58258.19531 18.517 0.046
58223.16733 18.576 0.048
58216.21201 18.466 0.045
58365.50775 18.464 0.045
58284.17481 18.536 0.047
58219.17043 18.526 0.047
58229.17981 18.473 0.045
58422.51761 18.443 0.044
58434.36728 18.436 0.044
58246.21719 18.475 0.045
58447.45246 18.416 0.043
