58422.51752 18.436 0.047
58465.49459 18.315 0.043
58284.17456 18.461 0.048
58365.50734 18.478 0.049
58223.19129 18.408 0.046
58457.26275 18.175 0.039
58374.50947 18.432 0.047
58258.19524 18.475 0.049
58229.17996 18.411 0.046
58246.21721 18.494 0.049
58431.3876 18.321 0.043
58443.41155 18.441 0.047
58243.16105 18.321 0.043
58480.43484 18.392 0.046
58447.45256 18.308 0.043
58389.51079 18.515 0.05
58428.51226 18.436 0.047
58450.38388 18.424 0.047
58471.28501 18.234 0.041
58280.17984 18.368 0.045
58223.16751 18.395 0.046
58380.46961 18.368 0.045
58219.17065 18.452 0.048
58216.21224 18.321 0.043
58219.19036 18.431 0.047
58468.49033 18.374 0.045
58447.51351 18.433 0.047
58232.19779 18.713 0.058
58474.29707 18.452 0.048
58425.44689 18.456 0.048
58377.46468 18.46 0.048
58434.36727 18.322 0.043
58386.44568 18.35 0.044
58437.37031 18.404 0.046
