58380.4896 18.426 0.047
58243.2024 18.469 0.048
58425.51609 18.446 0.048
58427.3903 18.245 0.042
58377.49403 18.448 0.048
58371.49258 18.451 0.048
58232.15802 18.412 0.047
58384.45307 18.443 0.048
58468.43317 18.446 0.048
58465.53773 18.475 0.049
58269.21344 18.487 0.049
58431.49447 18.482 0.049
58277.19735 18.425 0.047
58368.50859 18.352 0.045
58422.47306 18.458 0.048
58249.17874 18.404 0.046
58440.46891 18.407 0.046
58428.32598 18.431 0.047
58362.50332 18.479 0.049
58389.44617 18.364 0.045
58374.46842 18.402 0.046
58457.28811 18.426 0.047
58450.44844 18.495 0.049
58216.19147 18.392 0.046
58434.42626 18.46 0.048
58443.51528 18.387 0.046
58255.18064 18.588 0.052
58480.47357 18.479 0.049
58383.45362 18.454 0.048
58205.25495 18.463 0.048
58238.18619 18.647 0.055
58437.46392 18.458 0.048
58229.15115 18.482 0.049
58235.20073 18.409 0.046
58235.16076 18.524 0.05
