58243.16059 19.546 0.11
58386.44612 19.698 0.122
58223.19082 19.729 0.125
58450.38425 19.685 0.121
58377.46508 19.689 0.121
58223.16703 19.767 0.128
58258.19483 19.763 0.128
58229.17948 19.73 0.125
58447.45294 19.645 0.118
58389.51123 19.667 0.119
58431.38804 19.497 0.106
58465.49487 19.48 0.105
58380.47002 19.478 0.104
58216.21177 19.386 0.098
58219.18988 19.541 0.109
58480.43501 19.698 0.122
58422.51798 19.69 0.121
58280.17955 19.492 0.105
58219.17017 19.645 0.118
58434.36771 19.525 0.108
58249.15858 19.546 0.11
58246.21676 19.605 0.114
58365.50768 19.39 0.098
58425.44735 19.588 0.113
58443.41195 20.019 0.151
58437.37073 19.605 0.114
58428.51272 19.618 0.115
58457.26308 19.398 0.098
58474.29728 19.403 0.099
58468.49059 19.701 0.122
