58389.51111 16.546 0.016
58243.16066 16.441 0.015
58443.41191 16.344 0.015
58480.43506 16.346 0.015
58219.18999 16.365 0.015
58471.28528 16.273 0.015
58386.44599 16.38 0.015
58425.44727 16.287 0.015
58374.50972 16.408 0.015
58468.49061 16.5 0.016
58223.19092 16.379 0.015
58246.21682 16.377 0.015
58422.5179 16.519 0.016
58474.29732 16.381 0.015
58232.1974 16.516 0.016
58359.5086 16.343 0.015
58447.45291 16.421 0.015
58216.21188 16.224 0.014
58280.17953 16.422 0.015
58450.38423 16.382 0.015
58457.26308 16.179 0.014
58428.51265 16.397 0.015
58437.37068 16.367 0.015
58377.46495 16.404 0.015
58284.17427 16.488 0.016
58434.36766 16.293 0.015
58219.17028 16.375 0.015
58249.15863 16.282 0.015
58365.50754 16.345 0.015
58447.51387 16.375 0.015
58431.38798 16.303 0.015
58223.16714 16.415 0.015
58380.46989 16.448 0.015
58465.49488 16.351 0.015
