58450.38402 19.354 0.089
58246.21703 19.384 0.091
58422.51771 19.409 0.093
58219.19015 19.314 0.087
58216.21203 19.197 0.079
58447.45271 19.24 0.082
58374.50965 19.35 0.089
58219.17044 19.501 0.099
58223.1673 19.368 0.09
58474.29714 19.54 0.102
58243.16086 19.387 0.092
58284.17446 19.392 0.092
58447.51366 19.519 0.101
58377.46487 19.454 0.096
58223.19109 19.401 0.092
58425.44708 19.428 0.094
58431.38778 19.19 0.079
58443.41171 19.349 0.089
58229.17975 19.3 0.086
58457.26288 19.036 0.07
58280.17973 19.444 0.095
58468.49042 19.332 0.088
58389.51099 19.289 0.085
58428.51245 19.392 0.092
58380.4698 19.404 0.093
58437.37048 19.33 0.088
58258.19507 19.425 0.094
58365.5075 19.243 0.082
58480.43489 19.341 0.088
58465.49469 19.293 0.085
58471.2851 19.205 0.08
58386.44588 19.357 0.09
