58462.47058 13.324 0.017
58371.49268 13.133 0.017
58243.20186 13.2 0.017
58434.4268 13.097 0.017
58480.47407 13.111 0.017
58468.43372 13.147 0.017
58229.15069 13.151 0.017
58374.46855 13.129 0.017
58232.15753 13.149 0.017
58422.47356 13.108 0.017
58440.46947 13.111 0.017
58235.20024 13.122 0.017
58249.17818 13.103 0.017
58238.18568 13.128 0.017
58428.3265 13.184 0.017
58431.49501 13.116 0.017
58380.48979 13.198 0.017
58443.51585 13.121 0.017
58269.21285 13.081 0.017
58389.44644 13.126 0.017
58383.45383 13.217 0.017
58427.39082 13.151 0.017
58437.46448 13.128 0.017
58425.5166 13.198 0.017
58216.19109 13.104 0.017
58465.53829 13.166 0.017
58205.25466 13.121 0.017
58368.50866 13.109 0.017
58362.50333 13.129 0.017
58457.28868 13.122 0.017
58450.44901 13.12 0.017
58277.19677 13.152 0.017
58384.4533 13.08 0.017
58255.18007 13.12 0.017
58377.49419 13.115 0.017
58235.16026 13.13 0.017
