58216.191 16.298 0.019
58368.50888 16.293 0.019
58277.19694 16.284 0.019
58249.17824 16.296 0.019
58427.3908 16.289 0.019
58462.4704 16.141 0.019
58232.15751 16.291 0.019
58480.47384 16.269 0.019
58425.51659 16.326 0.02
58434.42675 16.272 0.019
58431.49497 16.309 0.019
58457.28852 16.306 0.019
58380.48997 16.323 0.02
58255.18015 16.326 0.02
58362.50357 16.304 0.019
58389.44659 16.273 0.019
58440.46939 16.291 0.019
58374.46876 16.313 0.019
58243.20189 16.322 0.02
58269.21299 16.262 0.019
58468.43352 16.312 0.019
58235.16025 16.276 0.019
58377.49438 16.284 0.019
58465.5381 16.31 0.019
58229.15065 16.321 0.02
58238.18568 16.314 0.019
58443.51575 16.305 0.019
58235.20023 16.301 0.019
58205.25452 16.309 0.019
58371.4929 16.29 0.019
58384.45347 16.438 0.02
58450.44889 16.301 0.019
58428.32648 16.331 0.02
58437.46441 16.288 0.019
58383.454 16.343 0.02
