58243.20215 19.481 0.09
58371.4929 19.78 0.111
58465.5378 19.825 0.114
58425.51635 19.594 0.097
58440.46911 19.989 0.128
58249.17851 19.803 0.113
58383.45394 19.819 0.114
58229.15086 19.59 0.097
58377.49435 19.836 0.115
58468.43322 19.798 0.112
58205.25462 19.61 0.099
58368.5089 19.752 0.109
58235.16049 19.299 0.079
58434.42648 19.504 0.091
58269.2133 19.676 0.103
58216.19115 19.535 0.093
58277.19725 19.618 0.099
58428.32622 19.713 0.106
58380.48993 19.763 0.11
58255.18044 19.584 0.097
58437.46413 19.586 0.097
58374.46874 19.779 0.111
58457.28822 19.645 0.101
58450.44859 19.809 0.113
58362.50362 19.731 0.107
