58243.16074 15.487 0.012
58443.41175 15.446 0.012
58447.45272 15.452 0.012
58229.17955 15.498 0.012
58374.51 15.464 0.012
58359.50894 15.489 0.012
58219.17019 15.482 0.012
58380.47013 15.476 0.012
58377.46521 15.459 0.012
58246.21692 15.447 0.012
58457.26283 15.45 0.012
58465.49459 15.457 0.012
58462.53094 15.636 0.012
58365.50786 15.475 0.012
58284.17458 15.53 0.012
58219.1899 15.483 0.012
58389.5113 15.456 0.012
58471.28496 15.455 0.012
58280.17983 15.454 0.012
58474.29699 15.473 0.012
58232.1974 15.496 0.012
58450.38402 15.447 0.012
58425.44723 15.468 0.012
58447.51367 15.465 0.012
58431.38789 15.456 0.012
58223.19086 15.486 0.012
58249.15875 15.417 0.012
58223.16707 15.477 0.012
58468.4903 15.445 0.012
58437.37055 15.461 0.012
58434.36755 15.462 0.012
58428.51258 15.451 0.012
58216.21177 15.457 0.012
58386.4462 15.473 0.012
58258.19504 15.473 0.012
58480.43471 15.467 0.012
