58255.18054 19.861 0.116
58229.151 19.591 0.096
58232.15787 19.719 0.105
58437.46403 19.738 0.107
58377.49421 19.68 0.103
58205.25477 19.801 0.112
58249.17863 19.673 0.102
58434.42637 19.626 0.099
58422.4732 19.401 0.084
58465.53776 19.815 0.113
58374.4686 19.618 0.098
58277.19731 19.577 0.095
58457.28816 19.738 0.107
58431.49459 19.691 0.103
58427.39042 18.816 0.056
58371.49276 19.636 0.099
58216.1913 19.712 0.105
58389.44635 19.577 0.095
58243.20227 19.957 0.124
58368.50876 19.752 0.108
58450.44851 19.645 0.1
58480.47355 19.359 0.082
58362.50349 19.586 0.096
58468.43319 19.641 0.1
58269.21337 19.762 0.109
58440.46901 19.791 0.111
58383.45379 19.574 0.095
58235.20059 19.819 0.113
58380.48978 19.825 0.113
58428.3261 19.628 0.099
58443.51537 19.638 0.1
