58480.43457 15.31 0.012
58229.1797 15.369 0.012
58216.21189 15.336 0.012
58219.17032 15.348 0.012
58428.51242 15.31 0.012
58425.44707 15.339 0.012
58474.29684 15.364 0.012
58468.49015 15.327 0.012
58365.50783 15.331 0.012
58258.19521 15.35 0.012
58434.36738 15.317 0.012
58457.26266 15.293 0.012
58462.53078 15.124 0.012
58223.19099 15.363 0.012
58246.21709 15.334 0.012
58447.45255 15.337 0.012
58437.37039 15.339 0.012
58359.50893 15.305 0.012
58450.38385 15.343 0.012
58284.17475 15.354 0.012
58380.47007 15.39 0.012
58223.16721 15.367 0.012
58389.51121 15.354 0.012
58377.46515 15.338 0.012
58422.51772 15.324 0.012
58471.28481 15.279 0.012
58232.19755 15.364 0.012
58243.1609 15.361 0.012
58219.19003 15.348 0.012
58443.41158 15.338 0.012
58374.50995 15.335 0.012
58249.15892 15.342 0.012
58447.5135 15.333 0.012
58431.38773 15.317 0.012
58280.18 15.34 0.012
58465.49443 15.315 0.012
