58450.38391 17.607 0.027
58447.45258 17.65 0.028
58425.44691 17.615 0.027
58216.21223 17.605 0.027
58377.46468 17.611 0.027
58468.49036 17.638 0.027
58431.38762 17.626 0.027
58243.16103 17.653 0.028
58447.51354 17.597 0.027
58422.51753 17.595 0.027
58474.2971 17.642 0.027
58223.1675 17.632 0.027
58443.41158 17.615 0.027
58223.19128 17.61 0.027
58246.21719 17.604 0.027
58428.51228 17.585 0.026
58284.17453 17.575 0.026
58434.3673 17.603 0.027
58219.19035 17.583 0.026
58258.19521 17.6 0.027
58232.19777 17.524 0.025
58249.159 17.577 0.026
58365.50733 17.617 0.027
58465.49462 17.676 0.028
58386.44568 17.582 0.026
58437.37033 17.62 0.027
58457.26278 17.627 0.027
58471.28505 17.668 0.028
58374.50946 17.588 0.026
58380.46961 17.591 0.027
58219.17064 17.565 0.026
58229.17994 17.673 0.028
58280.17981 17.565 0.026
58480.43487 17.656 0.028
58389.51079 17.615 0.027
