58243.16093 20.129 0.142
58474.29695 20.078 0.138
58258.19519 20.085 0.138
58374.50977 20.034 0.134
58425.44703 20.053 0.136
58450.38389 20.224 0.151
58284.17465 20.182 0.147
58437.37038 20.407 0.168
58246.21711 20.111 0.141
58443.4116 20.252 0.154
58468.49025 19.909 0.123
58229.17977 20.21 0.15
58223.19109 20.09 0.139
58280.17991 19.995 0.13
58480.4347 19.935 0.125
58422.51767 19.901 0.122
58216.21201 20.042 0.135
58223.1673 20.097 0.14
58365.50765 20.161 0.145
58428.51238 19.895 0.122
58380.4699 20.007 0.131
58389.51106 20.206 0.15
58386.44596 19.798 0.114
