58447.51362 19.73 0.109
58443.41168 19.85 0.118
58380.47003 19.755 0.111
58389.51119 20.081 0.138
58386.44609 19.684 0.105
58246.217 19.788 0.113
58229.17965 19.799 0.114
58434.36747 19.533 0.094
58216.21188 19.438 0.088
58377.4651 19.845 0.118
58425.44714 19.917 0.124
58428.5125 19.791 0.114
58223.19096 20.066 0.137
58480.43471 19.957 0.127
58431.38781 19.594 0.099
58474.29698 19.829 0.117
58450.38397 19.948 0.127
58437.37048 19.653 0.103
58258.1951 20.134 0.143
58219.17029 19.791 0.114
58219.19 19.854 0.119
58447.45266 19.789 0.114
58223.16718 19.887 0.121
58243.16082 19.772 0.112
58465.49457 19.751 0.11
58374.50989 19.945 0.126
58280.17986 19.644 0.102
58468.49029 19.727 0.109
58365.50776 19.771 0.112
