58437.37065 19.746 0.112
58468.4905 19.617 0.102
58389.51121 19.59 0.1
58431.38797 19.543 0.097
58216.21181 19.719 0.11
58284.17439 19.744 0.112
58229.17954 19.872 0.122
58258.19491 19.628 0.103
58422.51791 19.815 0.117
58425.44728 19.782 0.115
58280.17964 19.524 0.096
58428.51264 19.652 0.105
58223.16709 19.787 0.115
58219.17022 19.675 0.107
58380.47001 19.775 0.114
58246.21684 19.739 0.111
58480.43492 19.914 0.125
58447.51381 19.698 0.108
58223.19087 19.602 0.101
58443.41187 19.658 0.105
58447.45285 19.718 0.11
58219.18993 19.603 0.101
58377.46507 19.675 0.107
58434.36763 19.822 0.118
58374.50985 19.74 0.111
58365.50769 19.551 0.098
58457.26299 19.387 0.087
58465.49478 19.541 0.097
58243.16067 19.698 0.108
