58434.42622 18.713 0.056
58457.28813 18.785 0.059
58277.19731 18.706 0.056
58205.25507 18.633 0.053
58235.16083 18.748 0.057
58238.18625 18.617 0.053
58235.2008 18.741 0.057
58216.19157 18.64 0.053
58229.15123 18.606 0.052
58243.20245 18.659 0.054
58383.45349 18.642 0.054
58362.50317 18.514 0.05
58371.49244 18.653 0.054
58380.48947 18.679 0.055
58450.44845 18.702 0.056
58440.46889 18.595 0.052
58232.15809 18.568 0.051
58249.17877 18.664 0.054
58368.50844 18.634 0.053
58431.49443 18.804 0.059
58422.473 18.714 0.056
58377.49389 18.636 0.053
58443.51527 18.63 0.053
58480.47364 18.695 0.055
58465.53778 18.752 0.057
58374.46828 18.685 0.055
58437.4639 18.67 0.054
58269.21342 18.686 0.055
58425.51603 18.61 0.052
58255.18066 18.677 0.055
58468.43322 18.681 0.055
58389.44605 18.64 0.053
58428.32593 18.536 0.05
