58223.19121 20.601 0.184
58443.4115 20.406 0.169
58450.3838 20.243 0.155
58243.16105 19.946 0.13
58428.51227 20.454 0.172
58284.1747 19.996 0.134
58474.29691 19.933 0.129
58365.50755 20.348 0.164
58246.21722 20.236 0.155
58223.16743 20.352 0.165
58447.51344 20.12 0.145
58389.51094 20.29 0.159
58465.49446 20.336 0.163
58258.19529 19.999 0.134
58480.43467 20.121 0.145
58219.19026 20.443 0.172
58386.44584 19.942 0.13
58447.45249 20.386 0.167
58280.17997 20.246 0.156
58422.51755 20.286 0.159
58374.50966 20.223 0.154
58437.37028 20.319 0.162
58468.49019 20.203 0.152
58229.1799 19.977 0.133
58216.21213 20.043 0.138
58219.17055 19.973 0.132
58377.46486 20.393 0.168
58380.46978 20.16 0.148
