58383.45352 19.847 0.127
58434.42613 20.044 0.146
58443.51516 20.026 0.144
58437.4638 20.089 0.151
58255.18076 20.368 0.183
58216.19158 19.765 0.12
58371.49251 20.099 0.152
58425.51596 20.008 0.142
58377.49395 19.983 0.14
58457.288 19.896 0.131
58374.46835 19.865 0.129
58468.43308 19.955 0.137
58368.50852 20.057 0.147
58428.32585 20.033 0.145
58243.20253 20.06 0.148
58277.19745 19.959 0.137
58205.25505 20.073 0.149
58465.53764 20.109 0.153
58480.47349 19.783 0.121
58450.44833 19.691 0.113
58249.17887 19.871 0.129
58440.46879 20.165 0.159
58380.48952 19.768 0.12
