58223.1911 19.159680164659328 0.175
58377.46482 20.3534135092566 0.176
58428.51247 20.786800894794084 0.215
58216.21205 19.10857260720017 0.141
58422.51772 20.355777013782593 0.177
58468.49048 20.628899629107387 0.201
58258.19504 20.68494362406639 0.211
58280.17968 19.952232342513923 0.14
58229.17975 20.049968546070737 0.202
58219.19016 19.03243170989169 0.167
58284.17441 20.198232585127435 0.163
58465.49475 20.1558947410695 0.158
58431.3878 19.91381121994667 0.135
58380.46976 20.364454208122943 0.177
58223.16731 19.416907099082344 0.199
58374.5096 20.28436976134369 0.17
58389.51096 20.121557269728516 0.154
58437.37051 20.302830655317138 0.172
58219.17045 19.311588728037098 0.192
58425.44709 20.54778910311672 0.194
58243.16085 20.58056396580867 0.212
