58219.17007 19.929814126757304 0.13
58447.45289 19.35015199186282 0.122
58223.19073 19.952800288765918 0.132
58246.21675 19.926690832981215 0.13
58229.17941 20.056777219254336 0.142
58428.51274 19.413177829364578 0.134
58258.19486 19.748604287110805 0.115
58457.263 19.419409746114862 0.105
58280.17966 19.930351200492886 0.131
58450.38419 19.5006735275077 0.124
58389.51139 19.906915102260882 0.131
58434.36771 18.20679034292208 0.095
58243.16057 20.00970904399663 0.138
58223.16694 19.984800374336118 0.135
58365.50788 19.78305760681984 0.119
58468.49047 19.778740071257335 0.125
58374.51004 19.791039642279326 0.12
58443.41192 19.047942348835516 0.122
58377.46526 20.006762546998118 0.139
58386.44628 19.375801180500666 0.089
58480.43486 19.625232476490243 0.108
58425.44738 19.205700360985116 0.104
58465.49476 19.796112442305347 0.128
58219.18978 19.819814061877246 0.121
