58258.19492 19.00752879822028 0.078
58457.26289 18.64976080188098 0.075
58219.18969 18.954284284341504 0.074
58471.28498 18.56687719016086 0.063
58246.21676 18.970836096306567 0.075
58474.29699 18.91198910569423 0.08
58465.49463 18.87114953691013 0.082
58468.49033 18.78494379860425 0.075
58480.43468 19.068769265134563 0.087
58223.19065 18.98023346152026 0.076
58437.37069 18.5243771106812 0.084
58216.21156 19.093319433778603 0.083
58377.46543 18.90479545007481 0.074
58280.17979 18.97865675850572 0.076
58443.41186 18.42714213591576 0.077
58284.17456 18.966435952002662 0.075
58223.16687 19.043233776510835 0.08
58431.38805 18.502666729571068 0.077
58428.51274 18.563086069219114 0.077
58450.38411 18.519880576092202 0.075
58434.36769 18.400050576398865 0.074
58365.50808 19.089233326744605 0.084
58243.16057 19.076901479078614 0.082
58447.45282 18.44925703710025 0.074
58447.51377 18.45142412408243 0.074
58249.1586 18.875768579995267 0.07
58386.44642 19.034098892448075 0.083
58219.16998 19.00428452423945 0.077
58229.17936 18.90614878097067 0.072
58374.51022 18.9324150548826 0.075
58389.51153 18.97362147601235 0.08
58425.4474 18.62335520055701 0.078
