58216.1914 18.4541794968639 0.045
58229.15103 18.681165799798176 0.051
58383.4536 18.270107328851783 0.045
58380.48958 18.29035268479469 0.045
58384.45306 18.11746904653974 0.041
58434.42645 18.50217955236388 0.047
58362.50322 18.187544384887826 0.044
58450.44867 18.448208422929575 0.045
58389.44619 18.33414911945732 0.045
58427.39046 18.345573069406743 0.043
58371.49252 18.225188807844074 0.045
58243.20223 18.48196676676971 0.046
58235.16061 18.55695439496956 0.047
58431.49465 18.445449508895493 0.045
58238.18603 18.39526079736613 0.043
58425.51625 18.46260982273816 0.046
58377.49399 18.240061275813094 0.044
58457.28835 18.44056966648229 0.045
58443.5155 18.45766965222189 0.045
58374.46837 18.289740247695214 0.046
58422.47321 18.378388089619943 0.044
58480.47382 18.387951537521346 0.043
58368.50851 18.203689315272566 0.044
58249.17855 18.447150660976295 0.045
58465.53798 18.603702350121235 0.049
58437.46412 18.46067671655333 0.046
58277.1971 18.444237205206974 0.045
58468.43342 18.51491626683859 0.046
58440.46912 18.368803740252844 0.043
58428.32615 18.398984603132178 0.044
58269.21319 18.545918603392007 0.048
58255.18043 18.577963069595068 0.048
58232.15788 18.62058556392049 0.049
58205.25492 18.4614110421975 0.045
58235.20059 18.413945619146357 0.044
