58235.20051 16.026292223517043 0.017
58238.18597 16.023254928847358 0.017
58457.28818 15.569906664126302 0.017
58368.50887 16.044365568761993 0.017
58425.5163 15.838352943786436 0.017
58440.46906 15.677354882695253 0.017
58277.19729 16.022449482928923 0.017
58377.49432 16.00337797577971 0.017
58462.47006 15.613916743491437 0.017
58243.2022 16.02418665928995 0.017
58443.51542 15.555198947847675 0.017
58428.32618 15.80284130624087 0.017
58427.3905 15.907543913882815 0.017
58229.15091 16.014361002636537 0.017
58437.46409 15.656059618844699 0.017
58362.5036 16.018326626913396 0.017
58255.18049 16.023989805469338 0.017
58465.53777 15.715288989586535 0.017
58374.46871 16.005643026513333 0.017
58480.47352 15.890613354537486 0.017
58249.17856 16.02709498344632 0.017
58431.49466 15.75441344533558 0.017
58468.43319 15.766815634809397 0.017
58371.49287 16.02661314856687 0.017
58450.44855 15.466106517168642 0.017
58434.42643 15.724584536701244 0.017
58205.25466 16.015563730571646 0.017
58235.16053 16.012292707167664 0.017
58232.15778 16.060327898238125 0.017
58269.21334 16.0036789637494 0.017
58216.1912 16.007482646832237 0.017
