58243.16107 15.227829481830819 0.012
58258.1953 15.208060647547308 0.012
58480.43469 15.150226615165861 0.012
58447.45249 15.06352656625026 0.012
58219.17059 15.20960970196355 0.012
58386.4458 15.099214813668205 0.012
58437.37027 15.010594761232962 0.012
58246.21724 15.20569517466003 0.012
58280.17996 15.236240015890388 0.012
58447.51344 15.062799603416481 0.012
58428.51225 14.958632891829964 0.012
58365.5075 15.179450482029614 0.012
58425.44689 14.964821189731461 0.012
58471.28489 15.078050607519843 0.012
58389.5109 15.102035623854412 0.012
58450.3838 15.0645733314795 0.012
58434.36725 14.995259098411577 0.012
58431.38758 14.990087902223767 0.012
58374.50961 15.151543455076633 0.012
58457.26265 15.099494712893044 0.012
58422.51752 14.978213170478877 0.012
58284.17469 15.211776000300313 0.012
58216.21217 15.201680115348701 0.012
58359.5086 15.214121303153636 0.012
58443.41149 15.019509046343233 0.012
58474.29693 15.13775038941404 0.012
58232.19776 15.187238964188294 0.012
58219.1903 15.202609217606826 0.012
58223.19125 15.229506465536023 0.012
58462.5308 15.03910603960644 0.012
58465.49447 15.11801741958517 0.012
58249.15905 15.173556205577373 0.012
58229.17993 15.258334679740589 0.012
58377.46481 15.1319750521228 0.012
58468.49021 15.134207731834861 0.012
58223.16746 15.21450710348392 0.012
58380.46974 15.123506470311062 0.012
