58374.46843 14.42293559975096 0.017
58443.51548 14.42180616650134 0.017
58437.46411 14.41778047736747 0.017
58362.50328 14.3984445476774 0.017
58232.15787 14.265284391463313 0.017
58427.39047 14.401727592565846 0.017
58249.17855 13.435704902809158 0.017
58425.51625 14.413716071049915 0.017
58216.19137 14.36026073814561 0.017
58468.43338 14.424879609624718 0.017
58269.21322 14.17237731657622 0.017
58377.49404 14.405028071603212 0.017
58235.1606 14.219872251435138 0.017
58389.44623 14.413309109362546 0.017
58205.25488 14.395543117022212 0.017
58422.47321 14.420696046873534 0.017
58384.45311 14.442205856550082 0.017
58229.15101 14.301836615519818 0.017
58380.48963 14.418110061494817 0.017
58480.47377 14.421902584358659 0.017
58255.18044 13.336771261207348 0.017
58428.32615 14.396733127442667 0.017
58235.20058 14.219115762242934 0.017
58457.28832 14.404852034109819 0.017
58243.20222 13.966525140349987 0.017
58434.42644 14.412765988956721 0.017
58431.49465 14.409750863316459 0.017
58371.49258 14.414833849003992 0.017
58450.44864 14.412831174379564 0.017
58368.50857 14.419719525194097 0.017
58440.4691 14.340793730140469 0.017
58277.19713 14.288809617356515 0.017
58383.45365 14.397182951513969 0.017
58462.47022 14.447865736891337 0.017
58238.18603 14.141650706659076 0.017
58465.53794 14.440873108342322 0.017
