58386.44596 17.87229061012483 0.029
58450.38378 17.83980571762181 0.029
58468.49012 17.898856648896256 0.03
58223.16736 17.133254134387304 0.03
58223.19114 17.13482276520653 0.03
58457.26261 17.910827366925407 0.03
58465.4944 17.86684948250287 0.029
58258.1953 17.75501119593147 0.029
58374.50979 17.871049487768435 0.029
58474.29683 17.819869372337187 0.028
58377.46499 17.87011756281467 0.029
58422.51759 17.860674449375324 0.029
58246.2172 17.60463089999705 0.029
58232.19768 16.67213756447046 0.029
58229.17984 16.06171508308481 0.03
58480.43458 17.82588133169591 0.028
58249.15903 17.684867366702605 0.029
58431.38762 17.88172571255855 0.03
58428.5123 17.891710268663758 0.03
58389.51105 17.893339908100835 0.03
58447.45247 17.864795473238665 0.029
58434.36727 17.87574065497185 0.029
58447.51343 17.880795693014502 0.03
58243.16102 17.618121866306762 0.031
58219.17047 17.360537300811572 0.029
58219.19018 17.457543202827843 0.031
58280.18003 17.832802267747606 0.029
58284.17477 17.88298367041899 0.03
58437.37029 17.86075470700047 0.029
58380.46991 17.86718073032911 0.029
58443.41149 17.850780226788377 0.029
58425.44694 17.860692599040235 0.029
58216.21205 17.56182447257803 0.03
58471.28479 17.679862955978493 0.026
58365.50769 17.834798226188102 0.029
