58219.19027 18.774533830020005 0.056
58457.26272 18.22281897265769 0.043
58258.19524 18.8803848563045 0.061
58425.44693 18.575469712853607 0.056
58223.19122 18.802310193279638 0.057
58474.297 18.59408643863153 0.054
58232.19773 18.735739657677726 0.055
58480.43476 18.556459746550544 0.052
58428.5123 18.52241713834413 0.054
58377.4648 18.781539204142245 0.06
58280.17989 18.788096886940885 0.057
58243.16102 18.770894900413268 0.056
58219.17056 18.85253489053031 0.06
58389.5109 18.809288710998384 0.062
58450.38386 18.577536260730437 0.056
58386.44579 18.665200260946005 0.056
58223.16744 18.72831157310368 0.054
58422.51756 18.593276216604053 0.056
58434.3673 18.401867153725043 0.05
58365.50747 18.72241762275753 0.057
58229.17989 18.5999419622549 0.05
58431.38763 18.5146315652029 0.054
58447.45255 18.594211871100036 0.057
58216.21215 18.476689715896747 0.045
58443.41155 18.693867251983633 0.061
58447.5135 18.592292246460275 0.057
58249.159 18.739347793324935 0.055
58465.49454 18.587487465401995 0.055
58380.46973 18.687730951697212 0.056
58437.37032 18.49929874396691 0.053
58246.21719 18.71162446993808 0.054
58468.49028 18.64813880562008 0.057
58284.17462 18.764308537877227 0.056
58374.50959 18.685927223843265 0.056
