58277.19706 18.110683213461023 0.042
58428.32639 18.401134761070868 0.044
58480.47372 18.303677120883982 0.042
58389.44657 18.313832513292795 0.042
58216.19104 18.217264495298114 0.042
58450.44877 18.28744639867694 0.041
58269.21311 18.066791559500345 0.043
58205.25454 18.321173153197186 0.044
58235.16033 18.123380429376052 0.044
58440.46929 18.298326759749337 0.042
58465.53799 18.389581436358377 0.044
58457.28841 18.383513423391754 0.044
58443.51565 18.32736640403187 0.042
58362.50361 18.33531822152004 0.043
58425.51651 18.387081054690622 0.044
58255.18025 17.800897763639185 0.044
58249.17834 17.81018990880152 0.044
58229.15072 18.300975137351802 0.047
58374.46877 18.381727695348847 0.044
58235.2003 18.073707968168396 0.043
58368.50891 18.320102155007113 0.042
58468.4334 18.353602482508737 0.043
58383.454 18.437455650502798 0.045
58437.46431 18.345284608040107 0.043
58384.45346 18.153523773396753 0.038
58238.18576 17.792002085719826 0.038
58377.49439 18.353998258383463 0.043
58232.15758 18.248572679836155 0.047
58434.42665 18.27223863472769 0.041
58380.48998 18.387239704150794 0.044
58243.20198 17.970106361971123 0.045
58427.39071 18.277117317843576 0.041
58371.49292 18.3054320055929 0.042
58431.49488 18.337190756167264 0.043
