58232.15745 15.96075138517405 0.019
58380.49005 16.166739681750492 0.019
58480.47383 16.1127300247055 0.019
58450.44892 16.11353909356085 0.019
58434.4268 16.117367894180678 0.019
58269.21297 15.912542618090873 0.019
58428.32653 16.149282506986726 0.019
58235.16019 15.93018346186685 0.019
58255.18011 15.7983081429579 0.019
58383.45408 16.161914414860718 0.019
58368.50895 16.112822553431176 0.019
58371.49297 16.13608795799649 0.019
58205.25445 16.102735131469707 0.019
58465.53812 16.13665071882603 0.019
58249.17819 15.788631834433296 0.019
58427.39085 16.196268180172684 0.019
58462.47042 16.135631000521503 0.019
58440.46943 16.11344043810667 0.019
58238.18563 15.896832263193636 0.019
58425.51664 16.133238406183892 0.019
58389.44666 16.107219910297946 0.019
58468.43353 16.141668145982592 0.019
58243.20184 15.839731041052314 0.019
58374.46883 16.115326231876303 0.019
58377.49445 16.116544570662025 0.019
58437.46445 16.121405726653325 0.019
58443.51579 16.11647310645775 0.019
58384.45354 15.775969583159188 0.017
58362.50364 16.124193329804555 0.019
58277.19693 16.006594373348307 0.019
58431.49502 16.13932852096651 0.019
58229.15059 15.989785520231505 0.019
58457.28854 16.116594458210237 0.019
58216.19093 16.03514567644344 0.019
58235.20017 15.920789483685489 0.019
