58389.51078 15.19057030255846 0.013
58471.28502 15.139465593857143 0.013
58437.3703 15.208059288524183 0.013
58229.17997 14.800102184132674 0.013
58462.53091 15.911385936688811 0.014
58219.19037 14.826165433526999 0.013
58380.46959 15.184019326505277 0.013
58223.19131 14.82526267679634 0.013
58422.51751 15.19276380288102 0.013
58434.36727 15.183007234576719 0.013
58447.45255 15.217211141904713 0.013
58474.29707 15.190490013799746 0.013
58450.38388 15.175249509733641 0.013
58365.50732 15.187729498612857 0.013
58374.50946 15.184571718290046 0.013
58468.49033 15.184441630985647 0.013
58443.41155 15.179154198209217 0.013
58216.21225 14.866426214724124 0.013
58246.21722 14.914206898011372 0.013
58457.26275 15.182330885916851 0.013
58284.17456 15.11936303001312 0.013
58386.44567 15.185398649413207 0.013
58447.51351 15.203211964106675 0.013
58377.46467 15.194803182779559 0.013
58258.19524 15.024084594261993 0.013
58219.17066 14.847364179279225 0.013
58243.16106 14.878337259126113 0.013
58249.15903 14.933623444680126 0.013
58428.51226 15.181895146051577 0.013
58359.50841 15.210026889734019 0.013
58223.16752 14.832442022127474 0.013
58280.17984 15.127482295077424 0.013
58480.43485 15.186535646925673 0.013
58425.44688 15.183830251674312 0.013
58431.38759 15.201952035776799 0.013
58465.49459 15.186414451635061 0.013
58232.1978 14.784129770202776 0.013
