58365.50782 18.74743420053887 0.058
58447.45277 18.716434757734344 0.059
58229.17953 18.785978766258914 0.059
58450.38407 18.635473841459618 0.057
58465.49465 18.08775801514058 0.058
58280.17976 18.683945188805815 0.055
58480.43478 18.52385941292358 0.053
58249.15871 18.742969996592574 0.058
58474.29706 18.504391186264698 0.058
58437.3706 18.709295046901435 0.057
58425.44726 18.723726298552172 0.057
58223.16706 18.69898075877541 0.056
58386.44618 18.673688648166532 0.055
58428.51261 18.712997291485884 0.057
58389.51129 18.71749521345192 0.056
58219.17018 18.725981955335538 0.057
58246.21688 18.670971539269743 0.054
58443.4118 18.594267994713693 0.053
58216.21177 18.72898278170662 0.057
58284.17452 18.799940358041294 0.06
58380.47011 18.771985523091956 0.059
58447.51372 18.72802010079124 0.06
58434.36759 18.634237639913454 0.054
58431.38793 18.790692353411274 0.06
58374.50997 18.747203578313457 0.058
58457.26289 18.41753364185624 0.053
58243.1607 18.79797303869727 0.06
58471.28503 18.142149216408693 0.049
58468.49037 18.148397720730088 0.058
58232.19737 18.729977669233545 0.057
58377.46518 18.69910353574926 0.056
58258.19499 18.754964559325646 0.058
58219.18989 18.78298194966612 0.059
58223.19084 18.76298075136512 0.058
