58374.46855 19.457860435101594 0.137
58389.44641 19.596505448323693 0.13
58457.28856 19.83365213908559 0.118
58468.4336 20.00382947532107 0.13
58205.2547 19.634000582383305 0.103
58383.45381 19.380295705558726 0.131
58465.53817 20.050457088962858 0.134
58450.4489 19.79336143256696 0.115
58243.20196 20.110496497552198 0.138
58232.15762 20.01549605006715 0.13
58443.51574 19.843313913303195 0.119
58371.49269 19.461014571528313 0.128
58380.48977 19.280691097760098 0.131
58440.46936 19.962519577296547 0.129
58425.51651 19.750262689618232 0.115
58437.46437 20.018260937155443 0.133
58229.15077 20.086720226919432 0.136
58384.45327 19.413014862215547 0.13
58422.47347 19.747616839371965 0.115
58362.50335 19.53137684357857 0.115
58235.20032 19.98525006619241 0.128
58368.50867 19.55270588878134 0.127
58277.19689 19.730316370148255 0.11
58434.4267 20.05834690072596 0.137
58431.49491 19.985922760324254 0.132
58428.3264 20.01216975042745 0.134
58480.47395 19.80625963774571 0.115
58249.17829 19.82081243449103 0.116
58255.18018 19.737995601233514 0.11
58377.49418 19.12320282101646 0.119
