58480.43497 16.421900146491414 0.016
58365.50746 16.318496963771057 0.016
58450.38408 16.313082101392062 0.016
58465.49476 16.400694025568253 0.016
58229.17973 16.47949590408898 0.016
58386.44586 16.120580903899086 0.016
58447.45277 16.298168421031903 0.016
58380.46977 16.20791806766345 0.016
58425.44712 16.116802008097054 0.016
58232.19756 16.529281741468747 0.016
58377.46483 16.21885482482009 0.016
58431.38782 16.11952751087309 0.016
58246.21698 16.433050072132847 0.016
58422.51774 16.03722640363166 0.016
58249.15879 16.424731621095297 0.016
58457.26294 16.3368994341885 0.016
58258.19502 16.454585340870192 0.016
58428.51249 16.09430958952506 0.016
58443.41176 16.275454821896634 0.016
58434.3675 16.16004907495838 0.016
58374.50962 16.236784144329953 0.016
58468.4905 16.4002273555905 0.016
58219.19014 16.43410517910886 0.016
58243.16082 16.492356483667905 0.016
58389.51098 16.104645061336132 0.016
58223.16729 16.465879464173728 0.016
58474.29722 16.402813257846862 0.016
58216.21203 16.43726122214047 0.016
58223.19108 16.45887805056991 0.016
58219.17043 16.45610624706368 0.016
58280.17966 16.461257469855937 0.016
58447.51372 16.315583440965884 0.016
58471.28517 16.317167964409414 0.015
58284.17439 16.405130438683823 0.015
58437.37053 16.199396133043834 0.016
