58246.21696 18.954375247957095 0.061
58437.37052 18.725536157952728 0.059
58431.38785 18.77321293913091 0.059
58284.17459 18.938735736106565 0.06
58480.43471 18.41810193515181 0.058
58471.28496 18.12660594435714 0.056
58465.49458 18.13372527249711 0.059
58232.19744 18.99250528606469 0.063
58457.26281 18.148196199944564 0.051
58443.41172 18.88219985891992 0.07
58474.29699 18.425456721454367 0.067
58447.45269 18.618199984922317 0.06
58389.51124 19.02574370294314 0.066
58380.47008 18.910924100283072 0.06
58386.44614 18.838112986182026 0.057
58447.51364 18.740072146913242 0.066
58229.1796 18.86152874873115 0.057
58425.44718 18.90901074502026 0.064
58468.4903 18.166797180271846 0.06
58258.19507 18.928229155690886 0.06
58219.17024 18.88959731683346 0.058
58223.19091 18.966571365131728 0.062
58223.16713 18.940571524614068 0.06
58249.15879 18.968342787943445 0.062
58377.46515 18.957508425159848 0.062
58219.18995 18.842597194437314 0.056
58434.36751 18.75168260179501 0.059
58374.50994 18.87988770291564 0.058
58428.51254 18.82453205797884 0.06
58243.16078 18.84440689666354 0.056
58450.38399 18.462929662216176 0.056
58280.17984 19.096832798995553 0.068
