58219.17027 20.33276320866352 0.176
58468.49014 19.929890084477407 0.161
58246.21706 20.4276164599465 0.185
58428.51245 20.027130608027353 0.17
58443.41159 19.552159742392455 0.16
58465.49442 20.02056602272972 0.175
58386.44617 19.941328485754187 0.141
58229.17966 20.145718763034097 0.158
58431.38776 19.639295082594202 0.138
58389.51126 20.24983019840823 0.171
58243.16087 20.36863784801069 0.18
58374.51001 20.322581815150645 0.177
58377.46521 20.32579512056521 0.177
58365.50789 20.289663632424915 0.173
58447.51351 19.376164519964863 0.151
58425.4471 20.11010873098094 0.174
58219.18998 20.202763130081525 0.164
58223.16717 20.532746588435383 0.194
58380.47012 20.094678969364082 0.155
58450.38385 19.226402725690413 0.137
58280.18 20.315230107871265 0.175
