58368.50824 18.386442427337226 0.047
58431.49447 18.29599279165269 0.049
58383.45333 18.386737927458658 0.047
58235.16083 18.48994150804775 0.05
58457.28827 18.327964914597402 0.049
58384.45279 18.620455469750617 0.054
58434.42627 18.197332614301104 0.049
58440.46897 17.59657520733239 0.045
58371.49225 18.439070865571182 0.049
58450.44856 18.146485661453955 0.048
58422.47299 18.397995296493814 0.049
58232.15811 18.621944685523523 0.054
58428.32595 18.34841176408497 0.049
58269.21329 18.360883069283464 0.046
58229.15126 18.52294765517739 0.051
58238.18624 18.33993807383926 0.046
58277.19715 18.4398599227679 0.048
58425.51604 18.30994920542666 0.048
58427.39027 18.192852460722854 0.045
58205.2552 18.446965400207358 0.049
58235.20081 18.40394146423157 0.048
58443.51536 17.637734301239814 0.049
58380.4893 18.424479401974423 0.048
58468.4334 18.44811730665062 0.05
58362.50296 18.37403126826017 0.047
58249.17872 18.383923281003806 0.047
58243.20242 18.49293180888406 0.05
58480.47386 18.43366876034917 0.049
58389.44591 18.520738526216572 0.051
58377.49371 18.419104616815172 0.048
58374.4681 18.467633238027535 0.049
58255.18058 18.398913342086225 0.047
58216.19166 18.438958397803212 0.048
58437.46396 18.016442233144208 0.048
58465.53795 18.478419858691307 0.051
