58223.19137 19.48676273506085 0.095
58229.18004 19.562738655543548 0.1
58243.16115 19.53566951297253 0.098
58280.17995 19.652339274257198 0.107
58457.26264 18.608209046302917 0.089
58443.41144 19.295504192860978 0.097
58389.51075 19.509875833738043 0.097
58223.16759 19.653762825065346 0.107
58284.17467 19.353282858107555 0.086
58480.43474 19.114784344720952 0.087
58365.50734 19.453045665444872 0.093
58425.44679 19.376642171741427 0.092
58422.51742 19.460252231661826 0.097
58437.3702 19.338356070601893 0.095
58258.19535 19.421567983913345 0.091
58386.44565 19.50245967303043 0.097
58447.5134 19.132764921493408 0.091
58219.17072 19.425777369931087 0.091
58246.21732 19.4866514895744 0.095
58216.2123 19.54978742867809 0.099
58465.49448 18.68158755176941 0.118
58380.46958 19.468978114770454 0.094
58219.19043 19.548777300960968 0.099
58434.36717 19.428610779136367 0.099
58428.51216 19.3821128049511 0.094
58468.49022 18.798095614337008 0.099
58377.46466 19.500013577880388 0.096
58471.28491 18.576358469164198 0.073
58431.3875 19.476546711877003 0.101
58447.45245 18.944257225910164 0.08
58450.38377 19.0240614006544 0.09
