58425.44678 16.74209469756225 0.017
58434.36712 16.77023607401869 0.017
58229.18002 16.176523979284745 0.017
58223.19132 16.412533472584112 0.018
58443.41136 16.80435265064686 0.018
58457.26251 16.76949168707918 0.017
58468.49006 16.813578122253265 0.018
58258.19543 16.597404655267475 0.018
58471.28474 16.750596744486778 0.017
58474.29679 16.796615690565257 0.018
58386.44577 16.787921392221538 0.018
58365.50753 16.773506180358602 0.017
58246.21736 16.318672806715707 0.018
58447.45235 16.807397601067787 0.018
58216.21223 16.54421412561015 0.018
58219.17065 16.486016948343828 0.018
58380.46973 16.77460357124051 0.017
58480.43455 16.75565100594709 0.017
58377.46482 16.788421400896265 0.018
58280.18011 16.738263425597804 0.018
58374.50962 16.7782255062084 0.017
58422.51742 16.782041361342404 0.018
58219.19036 16.482628603083455 0.018
58437.37014 16.772277454767018 0.017
58249.15918 16.419440083017257 0.018
58428.51214 16.7771466542161 0.017
58450.38366 16.797427814077157 0.018
58465.49433 16.778556964594795 0.017
58389.51087 16.785064378603696 0.018
58447.5133 16.775398249047914 0.017
58223.16754 16.411165671954812 0.018
58431.38746 16.80619209100496 0.018
58232.19786 16.090082215430346 0.018
58243.16118 16.247942554792473 0.018
58284.17484 16.748828292794933 0.018
