58284.17466 18.186976562063823 0.034
58434.36741 18.129734677351724 0.035
58365.50775 18.148637648045074 0.036
58431.38776 18.137530230486888 0.035
58450.38391 18.16611192946353 0.035
58428.51244 18.124879231499996 0.035
58216.21192 18.210596567366206 0.035
58386.44606 18.040697116340187 0.035
58280.17992 18.22871381310176 0.035
58389.51116 17.984905850164665 0.034
58380.47 18.041323692294615 0.035
58246.21706 18.215326329269537 0.035
58480.43466 18.21280023512238 0.035
58377.46508 18.057258820815395 0.035
58232.19754 18.37504393094857 0.039
58219.19005 18.24050974495243 0.036
58223.19101 18.243382508974065 0.036
58229.1797 18.220166253578675 0.035
58219.17034 18.173510340826915 0.034
58374.50988 18.084341227207062 0.035
58249.15888 18.157137235660024 0.034
58447.4526 18.317932311544183 0.039
58425.44708 18.097803748572826 0.035
58443.41162 18.135792489496698 0.034
58447.51356 18.154045973626253 0.035
58258.19516 18.19644593103846 0.035
58468.49023 18.21986195806456 0.036
58474.29693 18.288171491068095 0.037
58465.49451 18.204231443718143 0.035
58437.37042 18.156186309185276 0.035
58243.16088 18.220506959817875 0.035
58457.26273 18.23220810186837 0.036
58223.16722 18.213383303930655 0.035
58471.28489 18.242056066930445 0.036
