58380.47006 16.76183530532807 0.015
58437.37056 16.761955852044718 0.015
58434.36755 16.729953130143787 0.015
58386.44613 16.765859642341205 0.016
58258.19502 16.662034103094424 0.015
58284.17453 16.77828218907071 0.016
58465.49464 16.736973786169244 0.015
58219.17023 16.659664403185946 0.015
58219.18994 16.632507452251748 0.015
58359.50885 16.6386952445845 0.015
58374.50992 16.745805586671338 0.015
58365.50777 16.76774687800588 0.016
58223.16711 16.633950154654432 0.015
58223.19089 16.621674316079847 0.015
58457.26287 16.74896967271624 0.015
58280.17978 16.731133714099013 0.015
58216.21182 16.668080428267686 0.015
58428.51257 16.71394719452998 0.015
58249.15874 16.53362305369603 0.015
58480.43478 16.732979622257368 0.015
58246.21692 16.50265053638075 0.015
58389.51124 16.746870390106164 0.015
58431.38789 16.73295021964045 0.015
58447.45275 16.748963661011057 0.015
58450.38405 16.730965601776212 0.015
58425.44722 16.739943712979 0.015
58474.29705 16.77097744365205 0.016
58447.5137 16.740963702734447 0.015
58377.46513 16.747821087060405 0.015
58468.49036 16.72797510873294 0.015
58232.19742 16.365103905070622 0.015
58243.16074 16.461789959689117 0.015
58443.41177 16.7479607562087 0.015
58229.17958 16.548365326515476 0.015
58471.28502 16.760976268313993 0.015
