58223.16712 19.730847650125114 0.12
58243.16066 19.818319829225416 0.128
58450.38421 19.366725868427068 0.112
58365.50758 19.487152476672705 0.104
58377.46498 19.659437917609818 0.121
58447.4529 19.19127367232711 0.101
58258.19488 19.84571709313452 0.13
58380.46992 19.798030566415054 0.134
58219.18997 19.607926907420072 0.11
58223.19091 19.727847154737507 0.12
58219.17026 20.018927283183565 0.146
58443.4119 19.486244540523074 0.129
58465.49486 19.305838757880615 0.097
58474.29729 19.61226297262125 0.118
58437.37068 19.229043998678232 0.115
58374.50975 19.649350944881597 0.119
58280.17956 19.69427421374206 0.117
58468.49058 19.58429418458109 0.118
58422.5179 19.516479917808226 0.144
58434.36765 18.974758171458 0.098
58425.44728 19.034775411027614 0.105
58480.43503 19.782015869047992 0.131
58457.26306 19.36471247352859 0.106
58428.51265 19.2514800400887 0.123
58246.21683 19.495214830047935 0.101
58216.21186 19.433981891606166 0.097
58389.51113 19.564195500858897 0.117
58229.17956 19.73371365243275 0.12
58386.44601 19.613417642862398 0.12
