58428.51238 19.69106673667595 0.156
58480.43484 19.85344145282607 0.127
58450.38395 19.395491506877946 0.132
58465.49463 19.87913251321259 0.14
58425.44701 19.874549927888545 0.162
58377.46483 20.078507100470425 0.142
58443.41164 18.953484161589156 0.137
58380.46976 19.999012488216582 0.135
58243.16094 19.978260377282886 0.13
58258.19515 20.55200526307078 0.184
58219.19021 20.064520585338457 0.138
58389.51094 20.253286543136543 0.161
58365.50748 20.03502236332573 0.137
58223.16737 20.36448637226916 0.167
58468.49036 20.11249500782546 0.159
58280.1798 20.11540262757664 0.143
58223.19115 20.221486158778372 0.153
58437.37041 18.972667627235097 0.146
58246.2171 20.149215739705813 0.146
58422.51764 19.568000576043087 0.126
58284.17453 19.95124892652754 0.128
58219.1705 20.20852074774873 0.152
58374.50962 19.872308873656646 0.123
58447.51359 19.266613497070537 0.135
