58243.16068 16.54839761156007 0.015
58219.18991 16.56760242842333 0.015
58216.21179 16.545621388537157 0.015
58280.17968 16.563744570736453 0.015
58386.44613 16.52016786222671 0.015
58474.29715 16.32015885328917 0.015
58437.37064 16.05295424028058 0.015
58450.38413 15.41016985335946 0.015
58365.50773 16.545448590681428 0.015
58447.45283 15.534337883293045 0.015
58359.5088 16.596048458750005 0.015
58284.17443 16.5576300357047 0.015
58468.49046 16.182698917028915 0.015
58425.44727 16.357528051756265 0.015
58462.53108 15.663792207601773 0.014
58431.38796 16.24894505002244 0.015
58465.49474 16.11253741529972 0.015
58374.50989 16.54200670211625 0.015
58246.21685 16.558362883157663 0.015
58219.1702 16.54860255772543 0.015
58471.28512 16.310368010251697 0.015
58389.51124 16.508822357922902 0.015
58428.51264 16.28191437421495 0.015
58480.43487 16.405089691641123 0.015
58434.36762 16.139733563136943 0.015
58422.51791 16.383236739871112 0.015
58223.16708 16.572575235574426 0.015
58443.41185 15.804349495122352 0.015
58258.19494 16.572200432999175 0.015
58229.17953 16.569529602820513 0.015
58377.46511 16.532673752802346 0.015
58232.19737 16.515504411253303 0.015
58223.19086 16.5425750661708 0.015
58249.15867 16.509327086381234 0.015
58380.47005 16.50294270606742 0.015
58457.26296 15.73917437117776 0.015
58447.51378 15.509838730226196 0.015
