58380.46994 19.487917362031588 0.159
58450.38392 20.30112461883365 0.162
58374.5098 20.102818530872284 0.189
58437.37043 20.150683479399977 0.152
58443.41163 20.565701146240237 0.185
58243.16089 20.22909471241285 0.152
58428.51243 20.067492264456934 0.148
58280.17988 20.231217267467176 0.153
58474.29698 20.28761667711622 0.158
58223.16726 20.71786210884516 0.193
58219.19009 20.2571146801797 0.154
58377.46501 19.693831214687467 0.165
58465.49455 20.071149192729603 0.14
58258.19515 20.367923555030835 0.164
58447.45262 20.320222581330945 0.164
58365.50768 19.809436717071353 0.144
58223.19104 20.29886051935232 0.158
58246.21706 20.157727269313682 0.145
58468.49027 20.52098267155402 0.178
58425.44707 20.170650270145043 0.159
58389.5111 19.42471716249072 0.165
