58468.4334 20.21188805313866 0.147
58480.47381 19.826978096841078 0.111
58255.18048 20.228126190598896 0.14
58437.46407 19.929163379781134 0.162
58465.53796 20.074505777046166 0.135
58249.1786 20.444329756909614 0.16
58434.42639 19.39788713775252 0.125
58362.50317 20.09964583459501 0.131
58229.15109 20.309839456558233 0.147
58457.28831 20.09964489425914 0.142
58428.32609 19.638637804936273 0.15
58371.49246 20.36130256873664 0.156
58389.44612 19.998653000201323 0.126
58425.51619 19.73810353488818 0.149
58235.20065 20.385708480568677 0.155
58368.50845 20.152175814457912 0.136
58380.48952 20.233997742369358 0.145
58243.20228 20.351506316134135 0.151
58440.46907 19.881417177715104 0.147
58277.19713 20.111067163873237 0.13
58216.19146 20.33706943522999 0.15
