58223.16701 17.389587491634966 0.022
58437.37067 17.161210413760433 0.022
58471.2851 17.278653647965076 0.022
58229.17947 17.396426008073544 0.022
58386.44621 17.27016381638441 0.022
58374.50998 17.3210511456784 0.022
58450.38414 17.201192979327214 0.022
58365.50782 17.359724464333247 0.022
58284.17444 17.400121246700596 0.022
58219.17013 17.34268367872916 0.022
58380.47013 17.36082555176779 0.023
58359.50889 17.616669178049797 0.026
58223.19079 17.375586894041845 0.022
58258.19491 17.375237799747442 0.022
58232.19731 17.27233644825646 0.021
58243.16063 17.434953898187697 0.023
58249.15864 17.351699071674084 0.022
58457.26296 17.245337686342697 0.022
58431.388 17.15920467533551 0.022
58377.4652 17.313895267282753 0.022
58480.43484 17.289673910595077 0.022
58434.36766 17.148780157114114 0.022
58443.41187 17.165876851927543 0.022
58447.5138 17.165019611009257 0.022
58468.49044 17.315070258466825 0.022
58425.44732 17.19332443505519 0.023
58216.21172 17.41774973696067 0.022
58280.17969 17.447550057366385 0.023
58219.18984 17.39868322445965 0.022
58428.51268 17.141033401116136 0.022
58246.21681 17.354828614736896 0.022
58465.49473 17.304976628777446 0.022
58447.45285 17.202717288924315 0.022
58389.51132 17.270149054837706 0.022
58474.29713 17.34805122758903 0.023
