58380.47013 20.224699711947302 0.161
58284.17451 20.106838995692197 0.149
58468.49038 20.289883869648516 0.167
58437.37061 19.844750665123694 0.161
58447.51374 19.87328554481134 0.146
58223.16704 20.408700965160854 0.171
58425.44728 19.584033786661017 0.17
58223.19082 20.40670083001758 0.171
58457.2629 19.75906393391784 0.129
58365.50784 20.185233457291627 0.157
58431.38795 19.561840313826686 0.157
58428.51263 19.752209446942185 0.177
58377.4652 20.317616131520815 0.168
58280.17975 20.3609530370544 0.168
58219.17016 20.341722642406644 0.167
58450.38408 20.212412800499838 0.169
58374.50999 20.113236921997636 0.152
58258.19497 20.42938261431228 0.172
58243.16068 20.313554645496726 0.165
58229.17951 20.129664241814552 0.151
58434.3676 19.66296740398548 0.156
58389.51131 20.550124733749076 0.186
