58371.49277 14.322382040516962 0.016
58374.46861 14.358833045477285 0.017
58235.16068 14.387635358609906 0.017
58434.42629 13.93954510387797 0.016
58440.46893 13.693624328880007 0.017
58205.25479 14.363780184209723 0.017
58269.21346 14.339294421166896 0.016
58249.1787 14.376527256129151 0.017
58384.45324 15.116683104181929 0.017
58437.46395 13.799236771215488 0.016
58383.45379 14.341567688615067 0.017
58277.1974 14.353163321920743 0.017
58216.19134 14.367737316543794 0.017
58462.46996 14.146011677462331 0.016
58443.51529 13.55189890807145 0.016
58480.47346 14.290995886445362 0.016
58468.4331 14.230561526375709 0.016
58425.51615 14.145491076989254 0.016
58427.39036 14.222528587475606 0.017
58238.18612 14.355614848672207 0.017
58428.32603 14.101836640232907 0.016
58422.47313 14.193610781943573 0.016
58465.53767 14.227929669962224 0.017
58377.49421 14.358019686842846 0.017
58255.18062 14.389469036144352 0.017
58380.48978 14.35894485093281 0.017
58232.15793 14.365654398361032 0.017
58457.28807 14.102328706829574 0.016
58431.49452 14.029688109208864 0.016
58362.50351 14.34897152865039 0.017
58235.20065 14.36263509655618 0.017
58450.44842 13.912690236508594 0.017
58389.44633 14.296513741702102 0.016
58229.15106 14.362672249548917 0.017
58243.20234 14.391577607409486 0.017
58368.50878 14.330736522781475 0.016
