58371.4924 18.806846441188874 0.057
58383.4535 18.867421576575584 0.059
58480.47387 18.817774518178645 0.057
58457.28835 18.76366616950483 0.055
58362.5031 18.76224095214933 0.055
58389.44608 18.800638966191514 0.057
58431.49461 18.819458822570816 0.057
58380.48947 18.812298495505466 0.057
58428.3261 18.830423508053585 0.058
58249.17858 18.18445005257689 0.058
58468.43345 18.860724794937056 0.059
58434.42641 18.824489160123232 0.057
58238.18609 18.20988727819812 0.047
58374.46826 18.86901051712121 0.059
58235.20065 18.55547126529975 0.056
58437.46409 18.909518419444957 0.06
58277.19708 18.751360291375022 0.057
58450.44866 18.869622493048592 0.059
58422.47315 18.900350518000582 0.06
58255.18045 18.45332491787653 0.058
58368.50839 18.774665158079056 0.056
58229.1511 18.68269825254548 0.057
58384.45296 18.740460620540443 0.054
58443.51548 18.770570810354 0.055
58243.20227 18.394005130398458 0.059
58425.51619 18.783389796901936 0.056
58377.49388 18.786162051089306 0.056
58269.21319 18.643623239115094 0.055
58216.19149 18.735278526669653 0.056
58235.16067 18.587201068730685 0.057
58440.46909 18.851545362998216 0.058
58205.25502 18.80141631085323 0.058
58232.15795 18.63768049286645 0.057
58465.53801 18.910710875524913 0.06
