58428.32623 16.981218641852696 0.03
58383.45357 17.483898855737365 0.03
58249.17845 17.50575401543347 0.03
58443.51561 17.08372127913098 0.03
58371.49245 17.4625112783307 0.029
58480.47397 17.428666585276904 0.029
58425.51632 17.135943569347237 0.03
58243.20214 17.493782072687395 0.03
58377.49394 17.49295393522665 0.03
58384.45303 17.37585155175415 0.029
58235.20052 17.526813706150207 0.03
58235.16055 17.46981384931834 0.029
58368.50843 17.467873944011313 0.03
58468.43357 17.439443633551445 0.03
58374.46831 17.487902260740377 0.03
58465.53813 17.457916557859363 0.03
58205.25494 17.46989137285565 0.029
58427.39054 16.926355550546717 0.029
58380.48953 17.444644209499653 0.029
58422.47327 17.222866304022467 0.03
58269.21306 17.499620512828265 0.03
58434.42654 16.494333085001646 0.03
58216.19138 17.5058687805725 0.03
58255.18032 17.50172119141843 0.03
58238.18596 17.528802615484043 0.03
58457.28848 17.403478214561176 0.03
58440.46922 16.866455166073273 0.029
58277.19695 17.52554294060901 0.03
58229.15098 17.500833906165767 0.03
58232.15782 17.496824225322346 0.03
58437.46422 16.624953630331692 0.03
58431.49474 16.738609602265942 0.03
58389.44616 17.513470827827106 0.03
58450.44879 17.28996311805626 0.03
58362.50313 17.495025035237273 0.03
