58243.20197 19.02156796990025 0.098
58457.28841 19.09590983009251 0.069
58377.49442 19.253446931473924 0.077
58371.49294 19.188342106093163 0.074
58374.4688 19.224396879824425 0.076
58434.42667 19.196859325350033 0.074
58235.20029 18.905728641398596 0.069
58229.1507 19.070170851232223 0.073
58450.44878 19.27389750319527 0.078
58384.45349 19.108543968246174 0.07
58269.2131 19.289115198001355 0.084
58368.50893 19.23928091241116 0.076
58235.16031 19.174557324488884 0.083
58428.32641 19.232840248468108 0.076
58205.25452 19.394614586088153 0.086
58362.50364 19.137135082660038 0.071
58277.19706 19.069474226217288 0.07
58425.51652 19.297830386260596 0.08
58232.15756 19.20201189856506 0.082
58255.18024 18.922610106582827 0.079
58380.49 19.370491543238195 0.084
58431.49489 19.21385053168293 0.075
58437.46432 19.152867770154874 0.072
58389.4466 19.130600872662235 0.071
58216.19102 19.09084113799636 0.071
58443.51566 19.22588279896865 0.076
58383.45403 19.339531402231255 0.082
58468.4334 19.202926222772614 0.075
58249.17832 17.886894945535058 0.075
58440.4693 19.191875514230944 0.074
58465.53799 19.188922347265724 0.074
