58437.37017 18.994401513730374 0.092
58447.5133 19.34114550453566 0.107
58216.2121 19.391285056853206 0.097
58380.46991 19.451507136712383 0.107
58434.36716 18.962459368823268 0.094
58465.49426 19.374664505518517 0.101
58365.50772 19.373071236325032 0.098
58389.51103 19.341380262695704 0.102
58284.17491 19.55901427792089 0.11
58219.19024 19.43324555488978 0.1
58223.16742 19.44318851499683 0.101
58457.26247 19.341060328589144 0.101
58428.5122 18.905731298217724 0.098
58243.16112 19.29480601269279 0.09
58219.17053 19.476245825040312 0.103
58374.50981 19.372468593168403 0.1
58377.465 19.402263219321767 0.102
58386.44594 19.276693985900604 0.096
58443.41137 19.179122933860207 0.099
58258.19543 19.529364578175606 0.107
58480.43444 19.331174293522924 0.095
58246.21731 19.429729437383276 0.1
58223.19121 19.48718815811965 0.104
58468.48999 19.334664227108224 0.098
58425.44685 18.794290686392547 0.093
58422.5175 18.73746010883655 0.09
58431.38751 18.987882558792208 0.1
58229.17992 19.255091826428433 0.087
58280.18017 19.40829274932603 0.098
