58258.19538 18.706240065590997 0.054
58447.51337 17.550658579260837 0.053
58365.50733 18.62524138272516 0.052
58223.1914 18.745598095683327 0.056
58216.21233 18.285642269817494 0.041
58284.1747 18.747694182509555 0.056
58431.38747 18.322194023120744 0.053
58377.46465 18.670074644544936 0.053
58422.51739 18.524940875765303 0.054
58480.43471 18.30274522311931 0.043
58246.21735 18.664395433483282 0.052
58468.49019 18.466916253406982 0.051
58219.19045 18.56662419307487 0.049
58474.29694 18.53350151867397 0.052
58428.51213 18.268807495672565 0.048
58243.16119 18.65842863007571 0.052
58229.18007 18.505554710970124 0.047
58219.17074 18.608624316372556 0.05
58465.49445 18.364468901320546 0.049
58450.38374 17.93032226632462 0.052
58434.36714 17.7710241374858 0.039
58425.44676 18.411412267338264 0.051
58223.16762 18.55759825728999 0.049
58471.28488 18.240407698821404 0.043
58280.17999 18.64180379113368 0.052
58374.50944 18.619218150949333 0.051
58380.46957 18.474570957255004 0.047
58389.51073 18.78041305543165 0.058
58447.45242 17.417057549540978 0.049
58386.44563 18.72337789209568 0.056
58437.37017 17.914908421676945 0.048
