58365.50788 18.329731590833244 0.039
58450.38404 18.222580138494486 0.036
58229.17952 18.187119201500426 0.039
58380.47016 18.337890984940408 0.039
58431.38792 18.250384625657105 0.037
58434.36758 18.295421785936202 0.038
58447.45275 18.2325556036755 0.037
58243.1607 17.87373136486789 0.039
58280.17981 18.169629911895882 0.039
58219.18987 18.217041282585793 0.038
58447.5137 18.22755613159974 0.037
58457.26285 18.33363144963537 0.039
58465.49461 18.341683058353343 0.039
58219.17016 18.151134899494462 0.037
58468.49033 18.324699594162176 0.039
58474.29701 18.350728711036453 0.04
58223.19082 18.209060965813947 0.039
58425.44726 18.283301322184915 0.038
58284.17456 18.20686317257028 0.039
58386.44623 18.307209554348663 0.039
58480.43472 18.28175578264993 0.038
58258.19501 17.626184027777732 0.041
58249.15872 17.603149696655358 0.04
58389.51133 18.291350044185698 0.038
58216.21174 18.236844106058943 0.039
58223.16704 18.207211214258894 0.039
58437.37058 18.265456474328946 0.037
58246.21689 17.775745868887302 0.04
58232.19736 18.05672527930169 0.037
58374.51002 18.279501463186854 0.038
58377.46523 18.291704673321835 0.038
58471.28498 18.37571406694064 0.04
58443.41178 18.336518802028312 0.039
58428.51261 18.26534593318193 0.037
