58232.15772 19.788974755537115 0.109
58205.25479 19.80698485775013 0.11
58229.15087 19.999976235661123 0.125
58389.44632 19.647333787855565 0.099
58422.47337 19.398698502706686 0.116
58457.28849 19.837590824508542 0.113
58380.48969 19.875991778727247 0.115
58443.51565 19.810529783031363 0.115
58437.46428 19.853387699705866 0.123
58468.43354 19.908594081051046 0.118
58255.18027 19.862958589681107 0.114
58243.20206 19.976968228864383 0.123
58428.32631 19.009883486883435 0.111
58431.49481 19.503493497224518 0.113
58434.42661 19.610973832747877 0.11
58249.17838 19.76896381610086 0.107
58450.44882 19.642226794953004 0.1
58374.46847 19.749633405989915 0.106
58384.45319 19.398371311166624 0.084
58371.49261 19.72920128649632 0.105
58216.19125 19.64898150361051 0.099
58368.5086 19.893658184207638 0.117
58425.51641 17.991641607379638 0.1
58465.53811 19.822067184757362 0.112
58377.4941 19.899906543536858 0.117
58269.21305 19.44994217182114 0.087
58440.46927 19.84765207770449 0.119
58235.20042 19.99097313902757 0.124
