58465.49466 19.588330389952976 0.127
58437.37044 19.052627121655753 0.109
58480.43487 19.6286479883621 0.116
58284.17449 19.58036510776945 0.105
58258.19512 19.737638235805065 0.118
58219.19019 19.66682453140366 0.112
58216.21207 19.581833151883743 0.106
58280.17976 19.6264206379333 0.109
58434.36741 19.209342218774026 0.11
58425.44704 19.555851978662005 0.119
58443.41167 18.478417304400164 0.12
58450.38399 18.031468111935112 0.093
58447.51362 17.005595368206894 0.119
58380.46976 19.775741813761556 0.122
58243.16091 19.67973038665719 0.113
58389.51095 19.683993564329317 0.115
58229.1798 19.996791262787433 0.14
58422.51767 19.482201153251268 0.11
58468.4904 19.55407199926138 0.119
58374.50962 19.776081963213567 0.122
58428.51241 19.349978259595076 0.107
58431.38774 19.255960368999936 0.105
58377.46483 19.828559396712333 0.126
58447.45267 16.666470040143814 0.096
58223.19113 19.76981206030683 0.12
58474.29712 19.43175571840257 0.104
58365.50747 19.701514275697203 0.115
58223.16735 19.742812137625748 0.118
58219.17048 19.95182459025205 0.136
