58447.51368 20.02576134289102 0.133
58258.19504 19.9123850859851 0.137
58365.50778 20.110518758545485 0.14
58389.51123 20.171203333610347 0.146
58219.18995 19.625342817259476 0.129
58457.26285 19.333799126930916 0.08
58450.38403 19.87577332132879 0.12
58380.47006 19.907004070470762 0.122
58229.17959 18.768758783734818 0.119
58243.16076 19.400899208952215 0.131
58480.43476 19.92986302820911 0.124
58437.37054 19.830712191302727 0.116
58374.50992 20.090838506807074 0.138
58377.46513 20.22792451844473 0.151
58223.19091 19.60369537805732 0.143
58465.49462 20.136825392606426 0.143
58428.51256 20.083658607178634 0.138
58223.16712 19.911996122050496 0.171
58246.21694 19.651643669707955 0.139
58447.45273 20.180761080123684 0.147
58219.17024 19.83498574395373 0.148
58216.21183 19.466885265371904 0.109
