58368.50836 18.097754460446264 0.041
58249.17884 18.13782135750708 0.042
58425.51595 16.73141374630555 0.042
58374.4682 18.12082218661519 0.042
58443.51521 17.97202608471451 0.04
58434.42615 17.86112463069439 0.041
58380.48938 18.096497946526632 0.041
58440.46883 18.122686707956884 0.044
58235.20088 18.153866316513497 0.042
58437.46383 17.965968435281177 0.042
58235.16091 18.11986642354882 0.041
58383.4534 18.08964180434565 0.041
58216.19166 18.134907161129686 0.042
58371.49236 18.112419423517967 0.041
58480.47364 18.206024873710273 0.043
58428.32585 17.422003921596804 0.041
58255.18072 18.203796379759734 0.043
58205.25516 18.18692369768104 0.043
58427.39017 17.092061460427537 0.038
58277.19735 18.108658256421695 0.041
58457.28809 18.098084976464904 0.042
58377.49381 18.119860309909217 0.042
58389.44596 18.120670490855094 0.042
58422.47291 17.417552518860546 0.041
58431.49436 17.82128293338013 0.043
58269.21347 18.106718829356158 0.041
58232.15817 18.18387416975535 0.043
58450.44839 18.079369062450535 0.042
58229.15132 18.089881376619246 0.041
58362.5031 18.035825026110796 0.04
58465.53775 18.180733370253247 0.043
58468.43319 18.106876087779266 0.041
58243.20252 18.190842569756636 0.043
58238.18633 18.19085801255512 0.043
