58205.25526 19.242735697721926 0.082
58255.1807 19.14711617300417 0.077
58431.49435 19.209315566212013 0.082
58380.48926 18.91226886852559 0.091
58434.42616 19.133349404018087 0.077
58422.47289 19.236301958610575 0.084
58468.43328 19.470415145997045 0.096
58243.20254 19.248359626904826 0.082
58238.18635 18.803436616693673 0.062
58389.44585 18.531549126823393 0.077
58443.51524 19.405959009404384 0.092
58465.53783 19.110842433562297 0.075
58368.50822 19.283805488388133 0.094
58249.17884 19.49325019584022 0.097
58371.49222 19.11152377941913 0.087
58450.44844 19.43697973348736 0.094
58428.32584 18.991959649026757 0.071
58377.49368 19.018901555768277 0.09
58232.15821 19.06851461902119 0.073
58362.50295 19.061598138641262 0.078
58437.46384 19.176788552671468 0.08
58235.16094 19.266477556474847 0.083
58216.19174 19.216665131672062 0.081
58229.15136 19.02854853312512 0.071
58383.45328 18.664033003433275 0.084
58277.19728 19.463285954169876 0.095
58374.46807 19.00549942553606 0.084
58235.20091 19.517477040001683 0.098
58457.28815 19.155666516466734 0.078
58425.51593 19.344115185086284 0.09
