58243.16083 20.17079593951158 0.161
58447.45258 19.570122525427934 0.15
58223.16711 20.2538604123753 0.169
58468.49013 19.93930587281908 0.146
58246.21702 20.264783050012 0.17
58280.18 20.00754098605448 0.145
58377.46527 20.18651856742228 0.164
58443.41162 19.398199369381693 0.163
58431.38779 18.991098008061947 0.12
58465.49442 20.119779924489162 0.165
58223.1909 20.069860352110908 0.151
58428.51248 19.825795931686624 0.178
58389.51132 19.810964830124988 0.13
58258.19517 20.085721655996327 0.153
58219.18993 19.98487004843095 0.143
58374.51007 19.89538712197067 0.136
58437.37044 18.452692123397412 0.142
58447.51353 19.491383889452745 0.142
58216.21179 19.994876726771395 0.144
58450.38387 19.842324488263056 0.164
58380.47019 20.139236022945408 0.159
58365.50795 20.334433466474906 0.177
58425.44714 19.965003661194082 0.177
58229.17961 19.858844094724567 0.132
