58374.50974 16.70160343512089 0.017
58434.36721 16.286281343684777 0.017
58219.17053 16.76870156978061 0.017
58443.41143 16.14506952966565 0.017
58457.26255 16.48084957654188 0.017
58223.16742 16.725680423587036 0.017
58216.21211 16.722716115335782 0.017
58284.17482 16.72992931271169 0.017
58431.38755 16.367889453821714 0.017
58219.19024 16.729701469821105 0.017
58223.19121 16.729680292271862 0.017
58465.49435 16.577395130179692 0.017
58232.19775 16.785625395727813 0.017
58437.37022 16.231671339432545 0.017
58422.51752 16.547568885118224 0.017
58471.28475 16.68845520843282 0.017
58425.44688 16.503227437334047 0.017
58468.49008 16.593181140417038 0.017
58447.51336 16.263740958399136 0.017
58380.46986 16.716034457087698 0.017
58243.16109 16.721541901404308 0.017
58258.19536 16.729386396387696 0.017
58377.46494 16.70550437879916 0.017
58447.45241 16.270026471831027 0.017
58474.29679 16.612708834414182 0.017
58450.38372 16.345550265225192 0.017
58428.51223 16.435830857952453 0.017
58359.50876 16.33474724478858 0.015
58229.17991 16.769645002144035 0.017
58389.51099 16.678853644940652 0.017
58365.50765 16.722455375964937 0.017
58280.18008 16.73302180052715 0.017
58480.43454 16.643876586522936 0.017
58246.21727 16.736514632035544 0.017
58249.15909 16.723486467596864 0.017
