58431.38741 17.325318801929672 0.031
58380.46957 17.68873295635478 0.03
58468.49011 17.65885212616172 0.031
58443.41134 17.233786036816987 0.031
58465.49437 17.619064308936146 0.031
58374.50946 17.76124394611705 0.031
58447.5133 17.317289137301742 0.03
58386.44563 17.756892567853786 0.031
58480.43463 17.69663977383154 0.031
58428.51208 17.421522618446357 0.031
58474.29686 17.681262849305515 0.031
58447.45235 17.359743813423727 0.031
58246.21741 17.763838266014663 0.031
58219.19048 17.77627568384093 0.031
58223.16765 17.811225939974037 0.032
58365.50736 17.724524005750954 0.03
58457.26253 17.57633140829516 0.032
58243.16124 17.84890155899074 0.032
58219.17077 17.783275920415704 0.031
58229.18011 17.827142508077245 0.032
58437.37011 17.17817971482449 0.03
58450.38366 17.398013353210533 0.031
58249.15922 17.73477307447877 0.03
58422.51734 17.508541764686733 0.031
58223.19143 17.76922563014222 0.031
58216.21235 17.730310377873938 0.03
58232.19795 17.81709647593125 0.032
58284.17478 17.794514182764043 0.031
58280.18007 17.760719639914726 0.031
58389.51072 17.735674458215644 0.031
58377.46466 17.726764032228687 0.031
58434.36708 17.19684073231682 0.03
58471.2848 17.673843649555412 0.031
58425.44671 17.406506421117527 0.03
58258.19545 17.814542828622283 0.032
