58205.25515 17.440640903079597 0.031
58428.32586 17.419908555854196 0.03
58362.5031 17.39284246914233 0.03
58465.53776 17.48599267626466 0.031
58232.15816 17.360663401055383 0.032
58249.17883 16.95562328607844 0.03
58368.50837 17.442675306340927 0.031
58443.51522 17.442470572735907 0.03
58480.47364 17.416224839601018 0.03
58389.44597 17.423772748280076 0.03
58216.19165 17.344320242828008 0.03
58277.19734 17.033440303703834 0.03
58437.46384 17.475272028437164 0.031
58450.4484 17.457664801568274 0.031
58235.20087 17.254025932117592 0.031
58238.18632 17.282264233671253 0.031
58468.4332 17.46804376053847 0.031
58457.2881 17.479827551684103 0.031
58269.21346 16.70038438699711 0.03
58434.42616 17.447160475040388 0.03
58384.45286 18.073036020187452 0.04
58422.47292 17.440626058078358 0.03
58243.20251 17.188965051303068 0.031
58380.48939 17.44336040466932 0.031
58255.18071 16.833590919947635 0.032
58235.1609 17.29246938540928 0.031
58431.49437 17.462044333996854 0.031
58229.15131 17.343622314508263 0.031
58371.49236 17.445450657846926 0.031
58425.51596 17.45777838443616 0.031
58377.49381 17.428787810699415 0.03
58383.4534 17.4298738060956 0.03
58374.4682 17.43814791713487 0.03
58440.46884 17.585374334223765 0.032
