58422.47314 19.841067692851283 0.135
58362.5031 20.09479215404021 0.132
58440.46908 19.359470771817836 0.126
58434.4264 19.37638584540173 0.117
58205.25503 19.976766827865404 0.12
58255.18046 20.06816094816849 0.127
58425.51619 19.601169354165926 0.12
58431.4946 19.59398474668381 0.128
58368.50839 20.21132302573191 0.142
58235.20066 19.834005034601127 0.11
58216.19149 19.968538896471777 0.12
58380.48946 19.968263986409955 0.124
58277.19709 20.285662841904863 0.145
58243.20228 20.09970989103009 0.13
58229.15111 20.08619763705123 0.129
58383.45349 19.69334402290523 0.105
58374.46826 19.866055840636236 0.116
58377.49388 19.992477085930883 0.126
58443.51547 19.327072837134953 0.128
58465.538 19.642830297712447 0.13
58371.4924 20.07594439877654 0.131
58269.2132 19.591297647821172 0.094
58232.15795 19.934104904116705 0.117
58457.28835 19.17685864090487 0.109
58468.43344 19.58876691817699 0.121
58437.46408 19.38791986360336 0.123
58480.47386 19.86117784847972 0.13
58249.17859 20.03545401940983 0.125
58235.16068 20.112006388126865 0.131
58428.32609 19.69956913376747 0.131
