58243.16075 19.762014924816956 0.123
58437.37052 19.01460758181957 0.124
58468.49021 19.75807903525953 0.135
58223.19082 19.80231701847495 0.126
58377.46531 19.73733680982413 0.124
58280.17992 19.62986516438842 0.112
58374.5101 19.623238641886694 0.114
58219.17015 19.623363251199894 0.112
58443.4117 19.09508973786764 0.119
58386.44628 19.753116934908785 0.127
58428.51257 19.258897728432505 0.13
58450.38395 19.123294059273466 0.105
58447.45266 19.038336962234222 0.105
58229.17953 19.842240201829334 0.13
58258.19509 19.90467317117531 0.135
58284.17468 19.86365903659352 0.132
58480.43459 19.53038513518747 0.111
58474.29688 19.90901928203771 0.145
58246.21694 19.77795515224208 0.124
58223.16704 19.866317303878926 0.132
58465.4945 19.51660430905768 0.117
58447.51362 19.375129449593963 0.132
58425.44722 19.360679644769746 0.131
58471.28486 19.411977729226077 0.105
58365.50798 19.804551006213643 0.129
58219.18986 19.84836303415508 0.13
58380.47023 19.805565514710285 0.131
