58258.19505 20.18220763752354 0.145
58223.19096 20.155592550653825 0.142
58465.49464 20.00629538684192 0.144
58450.38403 19.637601304026806 0.136
58437.37052 19.309971997938266 0.14
58365.50769 20.10048274127066 0.139
58219.1703 20.141620138879592 0.141
58428.51252 19.726693505452243 0.146
58434.36751 19.18675272547825 0.119
58223.16718 20.130592720981305 0.14
58474.29707 19.898445358773053 0.128
58447.51367 19.73515994297265 0.155
58374.50983 20.11111982082869 0.14
58468.49037 19.9180374617975 0.133
58216.21189 19.995638972318588 0.128
58380.46998 20.08006321494481 0.138
58377.46505 20.031891010117878 0.133
58246.21696 20.13937638477 0.141
58425.44716 19.796007759584914 0.144
58422.5178 19.622381098293342 0.122
58389.51116 20.1860184446898 0.15
58280.17978 20.080722616660324 0.136
58431.38785 19.14630832567403 0.106
58443.41174 19.665804206109758 0.166
58219.19001 20.312620009377742 0.157
