58243.2023 19.79482146178391 0.113
58457.2882 19.336804369806238 0.101
58269.21334 19.763695594924965 0.111
58374.46847 19.82182269202836 0.116
58465.53782 19.536489428850054 0.104
58205.25487 19.760908872695158 0.11
58468.43326 19.61233469603904 0.108
58434.42636 19.384181167868558 0.115
58377.49408 19.92958556473009 0.125
58362.50335 19.637138839443676 0.102
58440.46901 18.820178650863607 0.106
58431.49457 19.539167729394393 0.118
58480.47364 19.412139482359386 0.089
58422.47316 19.815891421915076 0.127
58383.45368 19.67642086825827 0.105
58380.48966 19.629132187499295 0.101
58437.46403 19.328568879372583 0.125
58368.50863 19.73273332074478 0.109
58428.32608 19.5732232067965 0.114
58229.15106 19.556862612919744 0.096
58389.44624 19.74886297836818 0.111
58443.51538 18.628064662962657 0.11
58249.17864 19.612799367941577 0.1
58235.16066 19.71584663351857 0.107
58216.19138 19.88189059266055 0.12
58255.18054 19.822773659573016 0.115
58235.20064 19.633846519694824 0.101
58371.49263 19.822853267738747 0.116
58425.51619 19.542389624177556 0.108
58232.15792 19.664854890690247 0.103
58277.19725 19.703636118855822 0.106
