58380.46955 20.145984124722077 0.149
58389.51071 20.714176436896736 0.202
58219.17075 19.58247399420795 0.164
58468.49022 20.41681498801732 0.176
58223.1914 18.86227355011109 0.154
58258.19537 20.059629998392445 0.15
58374.50942 20.24382665103091 0.159
58377.46463 20.122908217607307 0.147
58229.18007 18.883186476083782 0.156
58447.45243 19.971737755683815 0.133
58216.21234 19.326744330249213 0.122
58474.29696 20.359831139424745 0.17
58365.50731 20.58052752895522 0.191
58246.21734 19.84311958436365 0.141
58437.37018 20.11468662500722 0.146
58284.17468 20.303633316026442 0.167
58447.51338 20.292738031961818 0.164
58480.43474 20.14484635274071 0.149
58465.49447 20.231805905338696 0.158
58425.44677 20.19260915785035 0.154
58422.5174 20.427586607814842 0.177
58219.19046 19.248697836227393 0.133
58280.17996 20.24556103326584 0.162
58243.16118 19.791796116995506 0.142
58249.15915 19.60830247922347 0.117
58428.51214 20.158631148221687 0.151
58223.16762 18.993387629748963 0.166
